# callgrind format
version: 1
creator: callgrind-3.18.1
pid: 383097
cmd:  ./push_swap 260 342 326 263 221 433 384 199 24 114 300 398 95 122 132 283 420 81 467 425 136 428 434 347 236 41 117 305 496 307 62 333 385 123 58 360 172 5 498 416 399 160 244 224 281 448 30 331 251 173 85 155 357 181 262 68 483 120 460 130 371 238 216 206 112 104 403 249 423 427 213 141 373 480 176 29 214 380 320 494 188 88 290 418 87 413 426 258 400 372 180 183 287 80 242 488 209 75 336 131 12 148 147 381 59 350 179 4 23 487 154 344 202 479 219 252 296 441 431 337 21 235 27 223 175 152 1 264 311 274 159 18 84 482 178 243 191 197 294 472 25 272 391 292 341 232 439 109 102 436 8 121 118 97 318 234 45 406 408 404 17 356 91 16 351 245 42 316 51 44 187 332 207 438 334 280 435 349 48 19 339 407 126 254 99 375 115 270 198 445 392 129 145 43 440 469 324 78 410 465 361 200 451 417 226 471 466 277 47 119 72 177 66 139 125 162 204 46 378 76 195 485 468 395 13 359 396 315 329 455 142 397 325 282 319 288 437 477 227 454 2 28 98 390 64 323 261 374 415 382 108 11 220 107 273 158 462 321 36 167 364 362 7 89 190 135 414 101 271 192 389 284 250 168 474 450 96 151 73 54 138 77 9 355 33 143 447 53 208 446 6 348 314 338 279 40 127 240 419 478 71 422 476 291 194 201 56 210 409 70 313 289 156 105 82 253 495 309 276 303 34 421 110 144 402 248 306 308 186 10 182 32 405 346 322 298 265 352 457 353 20 340 491 170 266 184 401 369 233 65 113 228 171 164 257 14 74 363 92 497 90 358 365 22 328 293 377 456 140 393 424 225 343 103 489 299 335 481 229 429 387 411 452 38 133 379 217 83 212 278 500 86 493 475 35 247 134 166 370 146 157 196 37 63 458 386 153 246 205 459 394 312 169 430 255 383 443 231 50 61 15 268 368 463 211 137 432 301 412 79 354 31 367 60 67 3 203 330 185 149 218 286 275 285 230 193 327 453 165 366 49 256 470 310 124 57 376 241 267 39 484 174 26 345 388 100 222 473 259 317 444 499 55 163 52 269 461 302 69 106 128 189 304 490 111 492 150 215 116 94 239 161 464 297 295 486 449 237 442 93  
part: 1


desc: I1 cache: 
desc: D1 cache: 
desc: LL cache: 

desc: Timerange: Basic block 0 - 3521092397
desc: Trigger: Program termination

positions: line
events: Ir
summary: 13666753869


ob=(4) /usr/libexec/valgrind/vgpreload_core-amd64-linux.so
fl=(145) ???
fn=(490) 0x00000000000012f0
0 5

fn=(482) 0x0000000000001170
0 12

fn=(780) 0x00000000000010e0
0 11
cob=(2) ???
cfi=(51) ???
cfn=(786) 0x000000000483f040
calls=1 0 
0 74
0 10
cfn=(798) 0x0000000000001070
calls=1 0 
0 5
0 5

fn=(798)
0 5

ob=(1) /usr/lib/x86_64-linux-gnu/ld-linux-x86-64.so.2
fl=(77) ./elf/../sysdeps/x86/dl-cet.c
fn=(270) _dl_cet_check
252 8
42 1
+9 1
-10 1
+4 1
-4 1
+3 1
+4 2
+1 2
-1 2
+14 2
254 8

fl=(49) ./elf/./elf/dl-audit.c
fn=(776) _dl_audit_objclose
96 4
+1 16

fn=(206) _dl_audit_objopen
76 2
+1 8

fn=(530) _dl_audit_preinit
117 1
+1 4

fn=(154) _dl_audit_activity_map
28 6
+2 1
-1 1
+1 2
+6 6

fn=(466) _dl_audit_activity_nsid
40 6
+4 3
-4 3
+4 3
-4 3
+4 3
-4 6
+4 3
+1 3
+1 12
+4 18

fl=(144) ./elf/./elf/dl-init.c
fn=(474) _dl_init
77 12
+1 1
+1 1
+3 3
+8 2
+25 1
+1 5
+1 2
-86 4
+86 6
-86 12
+2 20
cfn=(476) call_init.part.0
calls=3 -7 
* 193
+83 12
+7 8
-92 4
+2 6
cfn=(476)
calls=1 -7 
* 61
+52 2

fn=(476)
26 32
+13 4
-13 4
+16 4
-3 8
+3 8
+5 6
+8 9
+1 6
cob=(2)
cfi=(51)
cfn=(478) 0x000000000483f000
calls=1 -56 
* 26
+3 3
+1 6
+6 2
+2 2
-2 1
+3 7
+1 4
cob=(3) /usr/lib/x86_64-linux-gnu/libc.so.6
cfi=(149) ./libio/./libio/vtables.c
cfn=(504) check_stdfiles_vtables
calls=1 +13 
* 12
* 4
cob=(3)
cfi=(146) ./csu/./csu/init-first.c
cfn=(496) _init_first
calls=1 -24 
* 74
-1 6
+3 24
-29 2

fl=(25) ./elf/./elf/dl-environ.c
fn=(68) _dl_next_ld_env_entry
28 3
+1 3
+3 70
+13 60
-13 120
+2 124
+1 20
+5 2
-3 2
+3 2
+2 2
+7 1

fl=(79) ./elf/./elf/dl-lookup.c
fn=(284) check_match
70 85
+3 85
-3 1020
+3 340
+13 85
-13 85
+13 85
-13 85
+13 255
+3 258
cfi=(32) ./string/../sysdeps/x86_64/strcmp.S
cfn=(90) strcmp
calls=22 +19 
* 1128
* 44
+4 85
+1 170
+2 166
+19 166
+1 664
-38 85
+84 510
-18 4
+2 4
+1 2
-1 4
+1 6
-1 4
-29 249
cfi=(32)
cfn=(90)
calls=83 -9 
* 2119
* 166

fn=(282) do_lookup_x
363 720
+1 90
-1 450
+48 90
-30 180
-11 90
+41 90
-30 270
+30 90
fi=(80) ./elf/../sysdeps/generic/dl-protected.h
44 270
fe=(79)
381 90
fi=(80)
44 360
fe=(79)
395 855
+4 285
+4 285
-3 285
+3 1140
+1 855
+3 285
+1 570
+7 285
-3 570
-2 285
+5 1140
+3 1995
570 600
374 570
+3 570
+4 570
+4 570
+4 570
+88 170
fi=(4) ./elf/../sysdeps/generic/ldsodefs.h
137 170
+1 255
fe=(79)
528 170
fi=(80)
29 170
fe=(79)
535 660
+16 170
+1 85
+1 170
422 356
-1 178
+2 178
+2 1068
+13 372
-10 1045
+3 85
-1 170
+1 85
-1 85
+2 170
-1 1020
cfn=(284)
calls=85 70 
* 7959
+4 255
573 5
+1 720
-35 15
-70 8
171 28
452 680

fn=(280) _dl_lookup_symbol_x
840 900
+10 90
-10 180
+10 90
-10 90
+10 90
204 90
840 90
204 450
581 360
-1 180
+2 90
-1 90
+1 270
-1 270
+1 1165
-1 1165
+1 3495
-1 3495
+2 90
846 90
-4 90
+1 90
+7 90
-8 90
+1 90
+7 339
+3 90
+2 180
-2 90
+6 180
-7 540
+7 25
+1 1260
cfn=(282)
calls=90 363 
* 31577
* 270
+28 90
-23 90
+23 90
-23 180
+24 494
+7 85
-7 85
+40 340
+79 170
-65 255
+3 255
-62 90
+69 810
-86 30
+18 15
+59 2

fl=(19) ./elf/../sysdeps/x86/dl-cacheinfo.h
fn=(46) handle_intel.constprop.0
255 24
-5 24
+16 12
-16 72
+13 12
+1 36
-3 24
+11 60
+5 24
+2 12
+1 12
-1 12
+5 48
cfn=(48) intel_check_word.constprop.0
calls=12 123 
* 3876
+2 24
+3 60
cfn=(48)
calls=12 123 
* 1156
+2 24
+3 5
cfn=(48)
calls=1 123 
* 20
+2 2
+3 5
cfn=(48)
calls=1 123 
* 255
+2 2
-35 3
+39 3
+5 96

fn=(48)
123 78
-4 78
+10 104
-10 26
+10 52
+2 52
+71 200
-71 102
+2 63
+2 126
+8 126
+51 102
+22 51
fi=(20) ./elf/../bits/stdlib-bsearch.h
28 51
-1 102
+4 102
+1 51
fe=(19)
+78 102
fi=(20)
-79 76
+1 38
fe=(19)
+78 76
+3 345
fi=(20)
-84 820
+2 512
+1 256
fe=(19)
+78 512
+15 15
246 104
fi=(20)
37 63
-8 151
fe=(19)
155 36
+3 36
-6 54
+3 14
+9 14
+23 19
-32 57
+3 57
+4 50
+2 100
+2 50
+2 36
+4 11
+2 22
+6 14
+3 8
+1 12
-8 4
+2 4
-1 4
-1 4
+2 8
-2 4
+3 12
-2 12
+2 8
-10 24
+1 10
+11 12
-26 4
+9 4
+23 2
-32 6
+3 6
+4 8
+2 16
+2 8
-11 3
+7 6
+2 12

fn=(52) get_common_cache_info.constprop.0
481 1
+17 1
-17 4
+16 1
-16 1
+15 1
-15 3
+18 1
-1 1
+9 2
+3 3
+11 1
-11 1
-5 1
+21 3
+4 2
681 4
+1 5
+4 2
+9 2
-2 1
+2 2
-1 1
+1 3
535 6
+3 8
+7 2
-7 9
+7 6
+3 26
+14 2
+4 1
+3 1
+1 1
-4 2
+3 3
+6 2
-37 6
+15 2
+4 1
+1 1
-1 2
+18 2
-68 6
+74 4
+8 7
+2 2
+4 3
+2 1
+2 5
-4 1
+16 1
-16 3
+21 2
-21 4
+3 1
+1 4
-4 1
+6 4
+3 2
+5 1
+2 2
+1 1
+1 1
-2 2
+1 1
-19 5
+46 2
+1 1
+1 2
+2 2
-1 3
-23 2
+7 1
+2 2
-16 1
+22 1
-6 2
+1 1
+5 1

fl=(27) ./elf/./elf/dl-minimal-malloc.c
fn=(144) __minimal_free
95 3
+2 12

fn=(76) __minimal_malloc
35 120
+1 24
+11 24
-11 48
+11 48
+3 24
-3 24
+3 136
+18 24
+1 24
+2 96
-16 8
+1 4
+2 2
+1 14
cfi=(60) ./misc/../sysdeps/unix/sysv/linux/mmap64.c
cfn=(194) mmap
calls=2 -12 
* 18
* 2
+2 4
+2 4
+2 2
+4 2
-4 4
-23 1
-1 1
+1 1
+1 2
-2 2

fn=(72) __minimal_calloc
78 8
+4 8
-4 32
+7 8
+1 24
fi=(28) ./elf/../include/rtld-malloc.h
-30 8
cfi=(27)
cfn=(76)
calls=8 -21 
* 235
fe=(27)

fl=(12) ./elf/./elf/dl-sort-maps.c
fn=(22) _dl_sort_maps_init
281 2
+1 4
cfi=(10) ./elf/./elf/dl-tunables.c
cfn=(24) __tunable_get_val
calls=1 405 
* 20
+2 3
-1 1
+2 2

fn=(246) _dl_sort_maps
290 20
+8 2
-8 2
+8 4
+4 16
-79 4
-37 2
+37 2
-36 8
+1 2
-1 2
+1 2
-1 4
+1 6
-1 6
+1 6
-1 12
+36 30
+8 6
-3 2
+2 2
+1 2
-8 2
+5 2
+3 8
+2 18
+2 8
-90 40
cfn=(248) dfs_traversal.part.0
calls=8 -5 
* 284
+93 16
+18 4
+13 2
+33 2
-26 8
cfi=(29) ./string/../sysdeps/x86_64/multiarch/memmove-vec-unaligned-erms.S
cfn=(80) memcpy
calls=2 -64 
* 22
* 2

fn=(248)
140 64
+10 8
-2 8
+2 16
+2 20
+3 20
-3 40
+9 16
+15 24
+1 8
+1 48
-17 12

fl=(22) ./string/../sysdeps/x86_64/multiarch/strlen-vec.S
fn=(60) strlen
41 16
+44 16
+1 16
+1 16
+1 16
+1 16
+1 16
+1 16
+2 16
+2 16
+31 16
+1 16
+1 16
+1 16
+1 16
+1 10
+2 10
+4 6
+1 6
+1 6
+1 6
+1 6
+1 6
+1 6
+1 6
+1 6
+1 6
+1 6
+1 6
+5 48

fl=(38) ./elf/./elf/dl-hwcaps.c
fn=(108) _dl_important_hwcaps
175 5
+1 1
-1 6
+1 1
-1 1
+1 1
-1 1
+1 1
-1 1
+1 2
cfi=(10)
cfn=(24)
calls=1 405 
* 21
* 1
+2 2
+1 3
+26 2
-26 1
+25 1
cfi=(39) ./elf/../sysdeps/x86_64/dl-hwcaps-subdirs.c
cfn=(110) _dl_hwcaps_subdirs_active
calls=1 29 
* 47
fi=(40) ./elf/./dl-hwcaps.h
54 1
fe=(38)
205 1
-1 1
fi=(40)
56 1
+32 1
+1 1
+1 1
fe=(38)
-35 2
cfi=(41) ./elf/./elf/dl-hwcaps_split.c
cfn=(116) _dl_hwcaps_split_masked
calls=1 -4 
* 13
* 2
fi=(40)
-1 1
+2 2
-2 1
+34 2
+1 2
+1 1
fe=(38)
-32 2
-1 2
+1 2
+1 2
-1 2
-3 4
cfi=(41)
cfn=(116)
calls=2 -4 
* 114
* 2
cfi=(41)
cfn=(116)
calls=1 -4 
* 122
* 6
+48 5
fi=(28)
-47 1
cfi=(27)
cfn=(76)
calls=1 -21 
* 25
fe=(38)
+47 1
+2 2
+3 2
fi=(40)
-52 1
fe=(38)
+55 1
-3 1
fi=(40)
-54 2
+3 1
fe=(38)
+58 2
cfi=(41)
cfn=(122) _dl_hwcaps_split
calls=1 -90 
* 12
* 2
fi=(40)
-61 1
+2 2
-2 1
+34 2
+1 2
+1 1
fe=(38)
+40 4
+1 2
-1 6
+2 2
+1 2
-2 6
-3 4
cfi=(41)
cfn=(116)
calls=2 -77 
* 114
* 2
cfi=(41)
cfn=(116)
calls=1 -77 
* 122
* 6
+8 2
+9 1
-15 1
+15 2
-15 1
+15 8
+9 2
+4 7
cfi=(43) ./string/../sysdeps/x86_64/memcmp.S
cfn=(124) bcmp
calls=1 22 
* 41
+1 2
+1 1
+4 1
+1 2
+1 1
-20 2
+19 1
+1 1
-20 2
-1 4
+70 1
+1 1
+4 1
-5 2
+1 4
+4 2
-4 1
+4 4
+1 1
-1 1
+1 2
+1 2
-2 5
+1 1
-1 1
+1 2
+1 2
-2 5
+5 1
+3 2
-3 2
+3 15
+7 1
-7 2
+2 3
+1 4
+2 1
fi=(217) ./elf/../sysdeps/x86/dl-hwcap.h
57 1
fe=(38)
233 2
fi=(217)
57 1
fe=(38)
233 2
fi=(217)
57 1
fe=(38)
233 1
+1 1
cfi=(22)
cfn=(60)
calls=1 41 
* 17
+1 1
+1 1
-6 1
+4 1
+1 1
-5 1
+5 1
+1 1
-1 2
-5 4
+10 3
-2 3
+2 1
+1 1
+1 1
-1 1
+4 4
+1 1
-1 1
+4 2
+4 1
-1 1
+1 4
-1 2
+4 3
+1 3
+19 10
+6 2
fi=(28)
56 1
cfi=(27)
cfn=(76)
calls=1 -21 
* 25
* 1
fe=(38)
283 2
+8 1
fi=(40)
54 1
+2 1
+34 1
-2 2
fe=(38)
-5 1
291 1
fi=(40)
54 1
+35 1
fe=(38)
291 1
fi=(40)
90 1
fe=(38)
-10 2
cfi=(41)
cfn=(116)
calls=1 -29 
* 13
* 2
fi=(40)
-26 2
+2 1
fe=(38)
+27 1
fi=(40)
-29 1
+34 2
+1 2
+1 1
fe=(38)
-8 2
+1 4
+7 2
-7 10
cfi=(29)
cfn=(128) mempcpy
calls=2 199 
* 26
+4 2
+2 2
+2 2
-2 4
-9 4
cfi=(41)
cfn=(116)
calls=2 -29 
* 114
* 2
cfi=(41)
cfn=(116)
calls=1 -29 
* 122
* 6
304 1
+2 1
-2 1
-48 2
+72 1
-72 1
376 2
+13 2
-58 1
+45 1
+13 1
-58 1
-75 1
+82 1
+10 2
-92 1
+88 1
+4 3
-4 1
+3 7
-3 2
-3 1
+3 1
cfi=(29)
cfn=(128)
calls=1 199 
* 18
* 2
-3 1
+3 1
cfi=(29)
cfn=(128)
calls=1 199 
* 18
* 2
+3 2
-3 4
+3 5
+1 12
+1 2
-2 1
+2 1
cfi=(29)
cfn=(128)
calls=1 199 
* 15
* 2
-2 2
+5 8
cfi=(29)
cfn=(128)
calls=2 199 
* 30
* 4
+2 5
+5 6
+1 1
-1 3
+1 7
-1 25
+5 11
+4 1
-1 1
+1 2
-4 12
+4 2
-1 2
+1 13
-1 9
+1 18
+1 24
-1 12
-1 12
+2 24
-1 24
-1 24
+4 9
+3 1
+2 2
-1 1
-1 1
+2 1
-2 1
+2 2
-1 1
+1 2
+2 6
+1 2
+3 2
-6 2
+6 3
+7 8
+1 1
-1 2
+3 2
-3 3
+1 3
-1 6
+3 6
+3 4
-80 2
+86 9
-20 1
+1 2
-6 3
259 2
+1 2
+1 4
-1 3
+12 4
-44 2
+34 4
-2 3

fl=(23) ./elf/../misc/sbrk.c
fn=(62) sbrk
37 5
+3 1
+18 2
+4 2
+16 5

fl=(26) ./elf/./elf/dl-object.c
fn=(82) _dl_add_to_namespace_list
31 6
+2 3
-2 6
+2 3
-2 6
+2 3
cfi=(24) ./elf/../sysdeps/nptl/dl-tls_init_tp.c
cfn=(84) rtld_mutex_dummy
calls=3 +9 
* 9
+2 23
+3 20
+2 2
+2 2
+4 2
+4 2
-4 4
+1 2
+4 2
-4 2
+1 2
+3 2
-3 2
+3 2
-1 2
cfi=(24)
cfn=(84)
calls=2 -8 
* 6
-4 1
+4 1
-4 2
+1 1
+4 1
-4 1
+1 1
+3 1
-3 1
+3 1
-1 1
cfi=(24)
cfn=(84)
calls=1 -8 
* 3
-5 2

fn=(70) _dl_new_object
59 42
+3 6
+18 2
+3 2
-3 2
+3 2
cfi=(22)
cfn=(60)
calls=2 -42 
* 52
+4 4
-4 4
+9 4
fi=(28)
-48 6
cfi=(27)
cfn=(72)
calls=2 +34 
* 100
fe=(26)
+48 1
fi=(28)
-48 3
cfi=(27)
cfn=(72)
calls=1 +34 
* 43
* 3
fe=(26)
+51 6
+5 3
-2 3
+6 3
-4 3
+4 3
-5 3
+4 3
+1 3
-1 3
+1 6
cfi=(29)
cfn=(80)
calls=3 212 
* 44
* 6
+2 3
+13 6
+6 1
+2 7
+3 2
-3 14
+3 4
+9 3
-7 3
+4 3
+3 15
+2 1
-2 3
+2 15
-2 45
+16 6
-5 3
+5 3
-6 3
+6 3
-6 3
+6 6
+2 4
+3 4
-3 4
+7 8
+4 4
+8 2
+3 2
+10 3
-10 4
+10 6
+2 2
+21 2
-21 2
cfi=(22)
cfn=(60)
calls=2 41 
* 70
* 6
+17 2
-13 6
+50 6
cfi=(29)
cfn=(128)
calls=2 -46 
* 34
* 2
+5 4
+1 4
-1 80
+1 80
+2 4
+3 2
+3 2
+4 27
131 8
-12 4
+34 1
+7 4
+8 8
fi=(28)
56 4
cfi=(27)
cfn=(76)
calls=2 -21 
* 50
* 2
fe=(26)
200 8
64 2
+2 3
+1 2
+10 5
-6 2

fl=(71) ./io/../sysdeps/unix/sysv/linux/pread64_nocancel.c
fn=(232) __pread64_nocancel
25 8
+1 16
+1 4

fl=(15) ./elf/../sysdeps/x86/dl-get-cpu-features.c
fn=(436) __x86_cpu_features
71 1
-32 3
+32 2

fn=(32) _dl_x86_init_cpu_features
37 1
+2 3
+2 1
cfi=(16) ./elf/../sysdeps/x86/cpu-features.c
cfn=(34) init_cpu_features.constprop.0
calls=1 399 
* 7219

fl=(129) ./elf/./elf/dl-find_object.c
fn=(416) _dl_find_object_init
561 4
+3 1
+2 2
+13 1
cfn=(420) _dlfo_process_initial
calls=1 474 
* 79
+1 1
-1 1
+1 1
fi=(28)
56 1
cfi=(27)
cfn=(76)
calls=1 -21 
* 25
fe=(129)
580 1
fi=(28)
56 1
fe=(129)
582 2
+3 2
+5 1
+1 1
cfn=(420)
calls=1 474 
* 280
+3 3
+10 4
-37 2
cfi=(130) ./elf/./dl-find_object.h
cfn=(418) _dl_find_object_from_map
calls=1 95 
* 68
* 1
+29 2
cfn=(422) _dlfo_sort_mappings
calls=1 -60 
* 80
+3 6
+2 1

fn=(420)
474 2
+3 2
-3 2
+1 2
+3 4
+26 14
+1 6
+1 8
-1 16
+3 28
+3 24
-7 10
+25 2
+2 8
-18 18
+3 6
-1 6
cfi=(130)
cfn=(418)
calls=3 95 
* 189
+2 12

fn=(422)
536 1
+1 2
+3 4
+4 1
+1 1
-1 1
+1 2
-1 1
+1 1
-1 1
+1 6
+1 19
-1 9
+8 6
+1 4
-1 2
-13 4
+14 6
+1 4
-15 4
+17 1

fl=(43)
fn=(124)
22 1
+5 1
+1 1
+1 1
+1 1
+1 1
+1 1
+1 1
+1 1
+3 1
+1 1
+1 1
+1 1
+1 1
+1 1
+1 1
+1 1
+1 1
+2 1
+1 1
+17 1
+1 1
+17 1
+1 1
+1 1
+1 1
+1 1
+4 1
+47 1
+1 1
+1 1
+1 1
+1 1
+1 1
+1 1
+1 1
+1 1
+1 1
+1 1
+1 1
+1 1

fl=(53) ./setjmp/../sysdeps/x86_64/setjmp.S
fn=(168) __sigsetjmp
30 3
+2 3
+9 3
+1 6
+1 3
+4 3
+1 3
+1 3
+1 3
+1 3
+2 6
+2 3
+1 3
+1 3
+2 6
+2 3
+8 3
+3 3
+1 3
+7 3
+1 3

fl=(54) ./elf/./elf/dl-misc.c
fn=(224) _dl_sysdep_read_whole_file
36 2
+3 1
-3 6
+3 1
-3 1
+3 1
cfi=(55) ./io/../sysdeps/unix/sysv/linux/open64_nocancel.c
cfn=(178) __open_nocancel
calls=1 -11 
* 19
+1 2
+23 7
-21 4
cfi=(58) ./io/../sysdeps/unix/sysv/linux/fstat64.c
cfn=(190) fstat
calls=1 -13 
* 15
* 2
+2 2
+3 2
+13 2
cfi=(64) ./io/../sysdeps/unix/sysv/linux/close_nocancel.c
cfn=(204) __GI___close_nocancel
calls=1 -35 
* 6
* 1
-11 6
cfi=(60)
cfn=(194)
calls=1 -2 
* 9
* 2

fn=(174) _dl_name_match_p
68 84
+1 28
cfi=(32)
cfn=(90)
calls=14 +39 
* 500
* 28
+3 14
+2 28
+6 15
-6 30
+1 54
cfi=(32)
cfn=(90)
calls=18 +33 
* 719
* 36
+8 3
-13 3
+13 20
-1 11
+1 33

fl=(72) ./misc/../sysdeps/unix/syscall-template.S
fn=(470) munmap
117 5
+5 1

fn=(236) mprotect
117 25
+5 5

fl=(1) ???
fn=(0) 0x0000000000020290
0 2
cfi=(2) ./elf/./elf/rtld.c
cfn=(2) _dl_start
calls=1 527 
0 142044
0 14
cfi=(144)
cfn=(474)
calls=1 77 
0 355
0 3
cob=(5) /home/rorollin/Projects/M2/push_swap/push_swap
cfi=(150) ???
cfn=(508) (below main)
calls=1 0 
0 13666611451

fl=(130)
fn=(418)
95 8
+1 8
+1 4
+6 20
+1 119
+1 82
+2 12
+5 4

fl=(29)
fn=(80)
212 16
+1 16
+6 16
+1 16
+2 10
+1 10
+1 10
+2 7
+1 7
+1 7
+2 7
360 6
+1 6
+2 1
+4 1
+1 1
+1 1
+1 1
+1 1
+4 1
+2 1
+39 5
+1 5
+1 5
+1 5
+1 5
+7 3
+1 3
+1 3
+1 3
+1 3
+1 3
+1 3
+11 3
+1 3
+2 3
+1 3
+1 3

fn=(128)
199 32
+1 32
+1 32
+1 32
+17 32
+1 32
+2 6
+1 6
+1 6
+2 5
+1 5
+1 5
+2 5
360 26
+1 26
+2 8
+4 8
+1 3
+1 3
+1 2
+1 2
+1 2
+1 2
+2 2
+2 3
+6 5
+1 5
+1 5
+1 5
+1 5
+29 18
+1 18
+1 18
+1 18
+1 18
+7 1
+1 1
+1 1
+1 1
+1 1
+1 1
+1 1
+11 1
+1 1
+2 1
+1 1
+1 1

fl=(39)
fn=(110)
29 1
fi=(18) ./elf/../sysdeps/x86/get-isa-level.h
+2 1
fe=(39)
+7 1
fi=(18)
-7 2
-1 2
fe=(39)
+22 1
fi=(18)
-20 3
+4 1
fe=(39)
+2 1
fi=(18)
-2 2
+3 4
+1 4
+5 1
fe=(39)
-7 1
fi=(18)
+7 3
fe=(39)
-2 1
fi=(18)
+5 2
+1 3
+2 4
+1 2
+1 2
+6 1
fe=(39)
-11 1
fi=(18)
+11 1
-3 2
fe=(39)

fl=(59) ./io/../sysdeps/unix/sysv/linux/fstatat64.c
fn=(192) fstatat
153 26
-55 26
+70 30
+1 4
-2 18
+1 18

fl=(133) ./elf/../sysdeps/nptl/dl-mutex.c
fn=(432) __rtld_mutex_init
30 2
+10 3
-10 1
+10 2
-10 1
+7 1
+3 2
cfi=(134) ./elf/./elf/dl-lookup-direct.c
cfn=(434) _dl_lookup_direct
calls=1 +34 
* 175
+4 2
+1 8
+2 3
-2 1
+2 3
cfi=(134)
cfn=(434)
calls=1 +27 
* 198
+4 2
+1 6
+1 2
-1 1
+1 2

fl=(45) ./string/./string/strdup.c
fn=(140) strdup
40 15
+1 3
cfi=(22)
cfn=(60)
calls=3 * 
* 87
* 3
fi=(218) ./string/../include/rtld-malloc.h
+15 6
cfi=(27)
cfn=(76)
calls=3 -21 
* 75
fe=(45)
-12 6
+4 3
-1 9
+1 6
-1 3
cfi=(29)
cfn=(80)
calls=3 212 
* 41

fl=(207) ./elf/./elf/dl-fini.c
fn=(758) _dl_fini
31 9
+20 3
-3 7
+3 4
+3 2
cob=(3)
cfi=(208) ./nptl/./nptl/pthread_mutex_lock.c
cfn=(760) pthread_mutex_lock@@GLIBC_2.2.5
calls=1 +23 
* 43
+2 1
+3 2
+2 6
+7 2
-2 1
+2 1
cfi=(49)
cfn=(466)
calls=1 -28 
* 21
+5 14
+5 1
-5 1
+5 3
+2 8
+2 8
+2 8
+1 4
+1 4
+4 4
-12 12
+14 6
+1 4
+6 5
cfi=(12)
cfn=(246)
calls=1 290 
* 300
+9 2
cob=(3)
cfi=(209) ./nptl/./nptl/pthread_mutex_unlock.c
cfn=(762) pthread_mutex_unlock@@GLIBC_2.2.5
calls=1 367 
* 34
+5 6
+2 1
+2 3
-2 3
+2 9
+3 8
+3 12
+4 2
+11 4
+1 1
+1 2
+1 5
+1 2
cob=(5)
cfi=(150)
cfn=(764) 0x0000000000401140
calls=1 0 
* 13
-1 5
+5 3
+1 6
cob=(2)
cfi=(51)
cfn=(778) 0x000000000483f334
calls=1 0 
* 110
cob=(2)
cfi=(51)
cfn=(774) 0x0000000000406080
calls=1 0 
* 4
+6 8
cfi=(49)
cfn=(776)
calls=4 -57 
* 20
+5 4
-45 12
+49 3
cfi=(49)
cfn=(466)
calls=1 40 
* 21
* 2
-38 9
+3 2
+41 6
+6 2
+7 8
73 2

fl=(50) ./string/../sysdeps/x86_64/strcspn.S
fn=(158) strcspn
25 1
+2 1
+7 1
+1 1
+2 1
+1 1
+1 1
+1 1
+1 33
+3 3
+7 1
+1 1
+1 1
+1 1
+2 1
+1 1
+1 1
+1 1
+2 1
+1 1
+1 1
+9 3
+12 1
+2 1
+1 1
+1 1
-4 12
+2 12
+1 12
+1 12
+2 13
+1 13
+1 13
+2 13
+1 13
+1 13
+2 13
+1 13
+1 13
+2 1
+1 1
+1 1
+2 1
+7 1
+4 1

fl=(60)
fn=(194)
47 24
+3 24
+8 48
+2 12

fl=(46) ./elf/./elf/dl-debug.c
fn=(152) _dl_debug_state
116 2
+1 2

fn=(146) _dl_debug_initialize
56 1
+3 2
+4 1
-6 1
+4 1
+2 2
+22 2
+5 2
+1 1
+1 1
-1 1
-1 1
+5 2
+4 2
+8 2
-43 2
+32 6

fn=(186) _dl_debug_update
38 3
+3 3
-1 6
+4 6
+4 3

fl=(66) ./elf/./elf/dl-deps.c
fn=(210) _dl_map_object_deps
159 5
+1 3
-1 1
+1 1
-1 2
+1 1
-1 3
+1 1
-1 4
+1 12
-8 1
-7 1
+15 1
-14 1
+6 1
+8 1
-15 1
+7 1
-8 1
+1 1
+7 1
-7 1
+31 3
-28 3
-2 1
+31 1
-33 2
+2 2
+30 2
-30 1
-1 4
+7 4
+24 2
-32 1
+60 1
-60 2
+36 1
fi=(74) ./elf/../include/scratch_buffer.h
77 3
fe=(66)
198 1
fi=(74)
78 1
fe=(66)
200 2
+98 1
198 1
+4 1
+7 1
+4 4
-4 3
+4 12
+11 12
-18 2
+18 4
433 12
+2 2
+3 2
-3 4
+3 2
fi=(28)
56 2
cfi=(27)
cfn=(76)
calls=2 -21 
* 50
* 2
fe=(66)
439 4
+6 2
+1 10
cfi=(29)
cfn=(80)
calls=2 212 
* 22
+1 10
cfi=(29)
cfn=(80)
calls=2 212 
* 22
+4 2
-1 2
+5 16
204 9
458 9
-1 4
+1 8
199 3
+27 10
+5 2
+6 2
-5 2
-1 2
+2 4
+4 8
-31 2
+31 2
+1 6
+6 8
cfi=(31) ./elf/./elf/dl-load.c
cfn=(212) _dl_dst_count
calls=2 -6 
* 108
* 6
+4 4
-2 2
+2 4
cob=(2)
cfi=(51)
cfn=(164) 0x0000000004002050
calls=2 0 
* 6771
+1 4
+9 2
+2 4
+5 10
+6 2
+2 2
-8 4
+3 2
+1 2
+1 2
+1 2
+4 10
+4 6
+1 3
-43 192
+1 92
+44 138
-38 4
fi=(74)
85 3
fe=(66)
464 6
+1 1
+3 4
+11 3
fi=(28)
56 1
cfi=(27)
cfn=(76)
calls=1 -21 
* 25
* 1
fe=(66)
481 2
+5 3
+1 1
-1 2
+4 2
-2 1
+2 1
-2 2
+13 3
+5 3
-16 9
-2 3
+6 3
+7 3
-2 6
-5 1
+7 1
-2 2
+2 2
+5 1
-16 6
+19 2
+52 3
+37 3
+15 1
-11 1
+11 1
-14 2
+20 1
-1 3
+1 3
-1 5
cfi=(12)
cfn=(246)
calls=1 290 
* 260
+5 1
+3 1
-1 1
+2 2
+7 3
+3 3
+3 8
214 25
+3 2
fi=(74)
-86 6
cfi=(73) ./malloc/./malloc/scratch_buffer_set_array_size.c
cfn=(240) __libc_scratch_buffer_set_array_size
calls=2 30 
* 40
fe=(66)
+86 4
+4 6
613 2
cfi=(29)
cfn=(80)
calls=1 212 
* 11
* 1
-53 2
160 2
380 6

fn=(214) openaux
61 6
+7 2
-4 4
+1 2
-1 16
cfi=(31)
cfn=(172) _dl_map_object
calls=2 2022 
* 6613
* 2
+5 4

fl=(75) ./elf/./elf/dl-version.c
fn=(254) _dl_check_all_versions
361 6
+4 5
-2 2
+4 24
cfn=(256) _dl_check_map_versions
calls=4 155 
* 3461
-2 4
+2 12
-1 4
-1 8
+5 7

fn=(256)
155 32
+15 4
-15 8
+15 8
+2 20
+2 4
+1 4
-1 4
+1 4
+2 8
+3 4
-16 2
-8 2
+28 2
-4 2
+4 4
+16 2
36 4
200 2
36 10
+1 5
-1 10
+2 21
cfi=(54)
cfn=(174)
calls=7 +30 
* 805
* 14
208 6
+5 2
-71 4
+71 6
+8 2
-2 2
-2 4
+4 2
-4 12
+4 4
-2 4
-2 8
+4 4
-4 39
56 24
+8 18
+6 18
+16 6
+1 12
+2 6
+5 54
+14 134
+12 183
+4 61
-30 122
224 24
+3 18
+5 4
-11 4
110 6
+3 24
cfi=(32)
cfn=(90)
calls=6 -5 
* 150
* 26
236 8
+14 4
+3 8
+10 42
-7 168
+3 126
-3 8
+3 6
+8 6
+6 3
fi=(28)
44 3
fe=(75)
273 3
fi=(28)
44 3
cfi=(27)
cfn=(72)
calls=3 +34 
* 108
fe=(75)
272 3
fi=(28)
44 3
fe=(75)
274 6
+13 3
-3 3
+3 12
+2 9
+3 8
+4 6
+7 6
+1 6
-1 18
+1 6
+1 6
-2 6
+2 12
+1 18
+3 18
+5 4
-15 4
+2 4
-2 4
+2 4
-2 4
+2 8
-2 2
+2 2
-2 2
+2 2
-2 2
+2 4
+16 6
+39 36
-29 9
+3 8
+4 42
+6 42
+1 42
+1 42
-1 126
+1 42
-1 42
+1 42
+1 42
+3 126
+4 42
-14 88
+10 6
164 2
+86 2
-94 2
+94 3

fl=(10)
fn=(18) __GI___tunables_init
282 9
-9 7
71 191
+6 62
-3 62
+3 5769
-3 62
-3 124
357 8
81 124
+5 186
fi=(11) ./elf/./elf/dl-tunables.h
+54 62
fe=(10)
-54 62
fi=(11)
+54 62
+1 158
-1 119
+1 34
-1 62
+1 124
fe=(10)
323 248
-18 8680
+6 13640
fi=(11)
140 558
+1 1116
-1 12
+1 48
-1 60
fe=(10)

fn=(54) __GI___tunable_set_val
157 15
-55 5
+55 5
-55 5
+55 5
-55 35
+9 5
+1 5
fi=(219) ./elf/./dl-tunable-types.h
-22 10
fe=(10)
+22 20
+1 40
fi=(11)
+8 10
+1 5
fe=(10)
-6 15
fi=(11)
+15 5
fe=(10)
-12 10
+4 10
+7 10
+1 10
+3 30
+1 5
+1 5
+1 5
+24 5
fi=(11)
-30 15
fe=(10)

fn=(24)
405 33
+3 231
+9 33
-9 126
+9 10
+17 165
+2 33
-9 23
+1 23

fl=(2)
fn=(252) version_check_doit
696 3
+2 4
cfi=(75)
cfn=(254)
calls=1 361 
* 3533
* 2
+4 2

fn=(2)
527 10
85 1
fi=(6) ./elf/../sysdeps/x86_64/dl-machine.h
-40 1
fe=(2)
557 1
-4 1
85 2
556 1
85 1
fi=(3) ./elf/./get-dynamic-info.h
-40 1
fe=(2)
556 1
fi=(3)
45 2
+9 1
+5 1
+3 1
+2 1
+4 1
-7 1
-3 1
-3 14
+13 4
-23 16
+23 14
-23 56
+4 36
+5 20
+2 5
+3 4
fi=(4)
+21 1
fi=(3)
-8 3
+10 4
+1 4
+1 4
+1 4
+2 4
+5 4
+1 4
+1 4
+3 3
+5 2
+7 3
+1 3
+8 2
+1 2
+5 3
+3 3
fe=(2)
573 1
fi=(6)
71 1
fe=(2)
573 42
fi=(6)
414 1
fi=(5) ./elf/./elf/do-rel.h
86 1
fe=(2)
573 2
fi=(5)
49 1
+37 1
-37 1
+37 1
+2 1
-2 1
+2 1
-2 1
+27 2
-27 1
fe=(2)
573 2
fi=(5)
49 1
+37 1
-37 1
+37 1
+2 1
-2 1
+2 1
-2 1
+27 3
+1 2
fi=(6)
534 2
fi=(5)
114 282
fi=(6)
534 282
+1 142
fi=(5)
113 142
fi=(6)
535 284
fi=(5)
113 284
+5 4
+8 7
fi=(6)
326 12
fi=(5)
126 21
+2 7
+2 7
-2 7
fi=(6)
287 7
fi=(5)
130 7
-2 7
+1 14
fi=(6)
287 14
+9 70
+3 14
+27 33
fe=(2)
573 6
fi=(5)
50 1
fi=(4)
+30 2
fi=(6)
326 2
+20 12
+1 6
fe=(2)
575 1
+13 1
cfi=(7) ./elf/./elf/dl-minimal.c
cfn=(12) __rtld_malloc_init_stubs
calls=1 42 
* 10
+4 2
85 1
488 2
85 3
488 1
cfi=(8) ./elf/./elf/dl-setup_hash.c
cfn=(14) _dl_setup_hash
calls=1 25 
* 29
+2 2
-1 1
+1 2
+17 1
-15 1
-2 1
+17 1
-15 1
+9 1
-11 1
+17 1
cfi=(9) ./elf/../elf/dl-sysdep.c
cfn=(16) _dl_sysdep_start
calls=1 85 
* 139951
* 1
+2 2
+98 9
fi=(3)
62 4
+2 4
fe=(2)
573 3

fn=(156) handle_preload_list
894 10
+5 1
-5 2
+5 2
+6 1
-64 1
+54 3
+7 3
cfi=(50)
cfn=(158)
calls=1 25 
* 233
* 1
+1 3
+9 1
191 1
914 2
191 2
916 2
-80 1
+5 5
-10 1
+8 1
-4 1
+1 1
+1 1
+4 1
cob=(2)
cfi=(51)
cfn=(160) 0x0000000004002080
calls=1 0 
* 2784
+1 3
+8 3
+67 1
-18 2
+21 9
-15 4
cfi=(29)
cfn=(80)
calls=1 212 
* 19
+1 2

fn=(170) map_doit
663 2
+2 1
-2 1
+2 1
+1 2
-1 2
+1 3
cfi=(31)
cfn=(172)
calls=1 2022 
* 2683
* 1
+2 2

fn=(64) dl_main
1320 2
205 1
311 1
1320 2
2818 1
1320 3
2829 1
1320 2
2698 1
1320 2
311 1
1320 3
207 1
310 1
205 1
+99 3
1332 1
cfi=(24)
cfn=(66) __tls_pre_init_tp
calls=1 53 
* 17
2677 3
+6 5
-4 1
+4 1
+2 3
cfi=(25)
cfn=(68)
calls=1 28 
* 39
* 4
cfi=(25)
cfn=(68)
calls=2 28 
* 370
* 9
+4 6
-2 2
+2 6
+1 2
-1 6
+1 17
-1 89
+9 12
2845 4
+32 2
1348 1
+1 2
-1 2
+1 2
2774 3
+1 3
-56 2
+7 2
1627 9
cfi=(26)
cfn=(70)
calls=1 59 
* 230
* 1
+2 2
+1 1
+6 2
-6 1
+1 2
+1 3
+4 1
cfi=(26)
cfn=(82)
calls=1 31 
* 36
+1 2
1140 1
1326 1
1169 1
-29 1
+11 1
+18 2
-21 1
+21 1
-19 1
-4 1
+23 1
-21 1
+21 2
+57 1
-83 1
+23 1
+4 1
+19 1
+22 1
+15 5
-56 116
1275 4
+2 1
1169 18
fi=(30) ./elf/../sysdeps/x86/dl-prop.h
105 2
fe=(2)
1282 22
+6 4
cfi=(31)
cfn=(88) _dl_process_pt_gnu_property
calls=1 868 
* 20
-7 26
+1 13
+6 13
-6 26
fi=(30)
212 4
+1 2
95 8
+10 2
212 1
105 1
-2 1
-3 1
+2 1
+3 1
-4 2
+92 4
-1 1
-87 3
+3 3
+1 2
+1 2
+4 3
+4 3
+3 3
+1 2
+4 1
+1 4
+4 2
+1 1
+3 2
+3 1
+1 4
+5 2
+2 2
+5 2
+14 1
-1 2
+2 2
fe=(2)
1174 1
-5 1
+5 2
-5 2
+30 1
-9 1
+27 1
-27 1
+2 1
-3 1
+10 2
-20 2
-10 1
+10 1
+1 9
-11 2
+57 4
-1 4
+1 8
-1 4
+2 8
+1 1
+2 12
+1 14
+4 8
+1 8
+1 4
+1 10
+1 1
+4 1
-74 1
+74 2
-74 2
+74 3
-74 3
+74 6
-74 6
1271 1
1169 1
1271 1
1169 2
1294 1
+3 2
+2 1
-5 2
+3 2
+2 2
+2 2
1662 3
+2 1
-1 1
+1 2
+1 2
-2 1
+2 1
-2 2
cfi=(32)
cfn=(90)
calls=1 108 
* 34
* 2
+7 1
+3 1
-5 1
+3 1
+2 1
+1 2
+4 2
+2 2
fi=(3)
39 3
+6 1
-2 1
+2 2
+9 1
+5 1
+3 1
+2 1
-3 1
-3 1
-3 11
+13 3
-23 12
+23 21
-23 84
+4 48
+5 16
+2 5
+16 3
+25 3
+5 2
+7 2
+1 3
+22 3
+15 3
+22 2
fe=(2)
1688 3
+7 2
cfi=(8)
cfn=(14)
calls=1 25 
* 29
+3 2
fi=(33) ./elf/./setup-vdso.h
24 2
fi=(35) ./elf/../sysdeps/unix/sysv/linux/dl-vdso-setup.h
+21 1
fe=(2)
1723 1
cfi=(13) ./elf/../sysdeps/unix/sysv/linux/dl-sysdep.c
cfn=(100) _dl_discover_osversion
calls=1 46 
* 90
* 8
fi=(37) ./elf/./dl-main.h
109 5
cfi=(31)
cfn=(106) _dl_init_paths
calls=1 706 
* 2926
fe=(2)
1731 3
cfi=(46)
cfn=(146)
calls=1 56 
* 30
+7 1
-7 1
+2 1
+5 1
+4 1
+3 1
-3 3
+1 2
+3 1
+5 1
-7 1
+7 1
+1 3
+12 2
+1 2
+5 1
-3 2
+2 1
+1 2
+5 3
+1 5
-1 2
233 1
-1 1
+1 3
+1 2
-2 1
+2 2
1793 2
+5 1
-1 1
+1 1
+24 1
cfi=(47) ./elf/../elf/dl-tls.c
cfn=(148) _dl_count_modids
calls=1 197 
* 6
* 1
fi=(48) ./elf/../sysdeps/generic/dl-debug.h
29 3
+1 2
fe=(2)
1828 2
+1 1
cfi=(46)
cfn=(152)
calls=1 116 
* 2
+1 1
+4 3
cfi=(49)
cfn=(154)
calls=1 28 
* 16
+5 3
+2 1
+2 2
+9 2
+16 4
cfi=(65) ./io/../sysdeps/unix/sysv/linux/access.c
cfn=(208) access
calls=1 25 
* 9
* 2
+76 4
+16 3
85 1
1970 1
85 2
1970 2
85 1
1970 5
cfi=(66)
cfn=(210)
calls=1 159 
* 8258
92 1
1976 1
92 2
+9 2
1976 2
+1 5
-1 4
+1 6
-1 12
+4 4
+1 3
+1 1
+2 2
+1 4
-1 9
+1 9
+12 3
+1 2
+2 1
+2 3
+2 1
-4 1
+5 1
-1 2
+14 2
+1 2
+1 3
+11 2
+2 1
-2 1
+2 2
-2 1
+1 2
+1 1
-1 2
+1 1
cfi=(52) ./elf/./elf/dl-error-skeleton.c
cfn=(250) _dl_receive_error
calls=1 238 
* 3561
+10 2
+1 2
+3 2
862 1
fi=(220) ./elf/../sysdeps/unix/sysv/linux/dl-osinfo.h
64 2
fe=(2)
864 1
+6 1
+3 1
+7 1
-5 1
2052 3
2282 3
1778 2
+6 1
-6 2
+6 1
+2 3
fi=(30)
198 4
+2 1
+1 1
+2 1
-3 3
+3 1
fi=(3)
59 4
+3 4
+2 4
fi=(34) ./elf/../sysdeps/unix/sysv/linux/dl-vdso.h
-24 1
+1 2
fe=(2)
2331 1
1325 1
2342 1
-4 2
+10 1
-6 1
+6 1
+3 2
+8 1
fi=(30)
36 1
fe=(2)
2359 1
fi=(30)
37 3
+3 1
+13 6
-13 3
+9 6
-9 1
+9 20
+4 15
-16 12
+34 3
cfi=(77)
cfn=(270)
calls=1 252 
* 30
fe=(2)
2361 2
+54 3
+3 1
85 4
2422 1
+1 19
+2 8
+5 8
+2 8
+6 4
+2 12
+1 24
cfi=(78) ./elf/./elf/dl-reloc.c
cfn=(272) _dl_relocate_object
calls=3 194 
* 69567
+4 10
+1 2
-23 1
+23 1
cfi=(47)
cfn=(412) _dl_add_to_slotinfo
calls=1 1015 
* 28
-23 6
92 3
+1 1
2454 1
93 1
2454 1
+5 4
+2 1
+7 3
cfi=(47)
cfn=(414) _dl_allocate_tls_init
calls=1 528 
* 146
+3 2
fi=(35)
30 3
+3 1
+3 1
+3 1
fi=(34)
+16 2
fe=(2)
2434 1
+1 1
-3 2
+49 3
+2 4
+10 1
cfi=(129)
cfn=(416)
calls=1 561 
* 571
+5 2
cfi=(7)
cfn=(424) __rtld_malloc_init_real
calls=1 76 
* 2372
+3 1
cfi=(133)
cfn=(432)
calls=1 30 
* 415
85 1
2507 1
+1 3
85 3
2508 2
cfi=(78)
cfn=(272)
calls=1 194 
* 4806
92 3
+9 2
2516 3
cfi=(135) ./elf/./elf/dl-call-libc-early-init.c
cfn=(438) _dl_call_libc_early_init
calls=1 27 
* 1309
+7 1
cfi=(9)
cfn=(464) _dl_sysdep_start_cleanup
calls=1 262 
* 2
+4 3
cfi=(49)
cfn=(466)
calls=1 40 
* 21
+5 2
cfi=(46)
cfn=(186)
calls=1 38 
* 7
+1 1
-1 1
+2 1
cfi=(46)
cfn=(152)
calls=1 116 
* 2
+1 1
+4 1
cfi=(68) ./elf/./elf/dl-cache.c
cfn=(468) _dl_unload_cache
calls=1 537 
* 18
+5 8
1741 4
1995 2
+50 2
cfn=(258) init_tls
calls=1 756 
* 784
* 2
2726 4
+2 2
+1 1
+46 2
+2 1
+1 1
-1 1
+1 1
+1 1
85 1
1847 1
85 2
1847 1
85 1
1847 2
cfn=(156)
calls=1 894 
* 3107
* 1
92 3
+9 3
1948 16
+1 1
-1 1
+4 3
+1 1
+1 2
+1 2
-7 2
fi=(30)
170 3
-39 2
fe=(2)

fn=(258)
756 3
+2 1
+4 1
-4 1
+4 2
+11 1
fi=(28)
44 1
fe=(2)
768 1
+4 1
fi=(28)
44 1
cfi=(27)
cfn=(72)
calls=1 +34 
* 36
fe=(2)
783 1
-12 1
+6 1
-9 1
+11 1
+4 1
+2 3
-1 2
+3 8
+4 1
+2 1
-2 2
-5 1
-1 2
+10 3
+3 2
cfi=(47)
cfn=(260) _dl_tls_static_surplus_init
calls=1 97 
* 79
+3 1
cfi=(47)
cfn=(262) _dl_determine_tlsoffset
calls=1 221 
* 76
+7 1
cfi=(47)
cfn=(264) _dl_allocate_tls_storage
calls=1 422 
* 442
* 1
+1 2
+6 1
+3 2
-3 1
+3 6
+3 1
cfi=(24)
cfn=(266) __tls_init_tp
calls=1 68 
* 75
+1 1
+3 5
-39 3
-1 7

fl=(31)
fn=(216) open_path
1870 8
+1 1
-1 6
+1 1
+6 2
+5 16
-7 2
+7 1
-8 1
+8 2
+3 2
+9 6
+7 3
+1 1
-1 1
cfi=(29)
cfn=(128)
calls=1 199 
* 13
-12 1
+12 1
+59 5
-58 4
+3 20
+5 80
cfi=(29)
cfn=(128)
calls=10 199 
* 134
* 40
cfi=(29)
cfn=(128)
calls=10 199 
* 130
+3 20
+6 30
+3 60
cfn=(218) open_verify.constprop.0
calls=10 1568 
* 540
* 10
+2 30
+2 20
+65 8
+7 2
-2 2
+2 2
+3 3
-13 1
+27 9
1902 58
+29 20
+1 70
+6 20
+2 10
-2 10
+2 20
cfi=(67) ./io/../sysdeps/unix/sysv/linux/stat64.c
cfn=(220) stat
calls=10 28 
* 158
* 10
+3 10
-3 20
+1 1
+2 2
-2 1
+2 26
-61 2

fn=(218)
1568 121
+39 33
+19 44
cfi=(55)
cfn=(178)
calls=11 28 
* 239
* 11
+2 22
+11 1
+6 2
-5 1
+5 8
cfi=(56) ./io/../sysdeps/unix/sysv/linux/read_nocancel.c
cfn=(180) __read_nocancel
calls=1 25 
* 6
+2 2
+2 2
+2 2
+6 2
+17 11
fi=(28)
50 2
cfi=(27)
cfn=(144)
calls=1 +45 
* 5
fe=(31)
1856 99
1674 3
+74 2
+5 2
+2 4
+6 2
+6 1
+1 1
-1 3
+1 1
-1 1
+1 2
+21 3
+31 1
-31 1
1633 1
1820 2
-31 48
+1 24
+1 8
+4 8
+6 4
+1 28
+10 12
cfi=(71)
cfn=(232)
calls=2 25 
* 14
* 16
+8 18
+15 2
+6 1
-3 1
+1 1
+1 1
+1 2
-3 1
+1 1
+1 1
+2 1
-3 3
-1 1
+4 2
-19 18
+3 2
-4 2
+4 4
+5 1
+1 4
-60 13
+1 3
-1 1
+1 3
cfi=(71)
cfn=(232)
calls=1 25 
* 7
* 3
+16 5
1612 20
+62 3
1802 4
-30 2

fn=(212)
238 4
+3 2
-3 4
+7 2
-7 4
+3 2
cfi=(42) ./string/../sysdeps/x86_64/multiarch/../strchr.S
cfn=(118) index
calls=2 23 
* 72
+3 4
+20 14

fn=(88)
868 3
+8 3
-8 3
+8 3
-6 3
+12 6
-13 3
+13 3
-13 3
+13 6
+3 9
+1 6
+1 6
+43 3

fn=(172)
2022 30
+8 6
+1 12
+3 42
+5 49
+2 21
cfi=(54)
cfn=(174)
calls=7 68 
* 801
* 14
+4 12
+1 18
+4 2
-1 10
+1 2
+1 2
-1 2
+1 2
cfi=(32)
cfn=(90)
calls=2 108 
* 77
* 4
2329 27
2068 2
+1 2
-1 2
+1 2
-1 2
+1 2
-1 4
-44 2
+53 6
+17 4
-2 2
+2 2
cfi=(42)
cfn=(118)
calls=2 23 
* 48
* 4
2260 2
-1 3
cfn=(138) expand_dynamic_string_token
calls=1 385 
* 168
+2 1
-3 1
+1 1
+2 2
+4 5
cfn=(176) open_verify.constprop.1
calls=1 1568 
* 283
+3 2
-3 1
+3 1
+12 4
+46 1
+1 3
-1 1
+1 9
cfn=(184) _dl_map_object_from_fd
calls=1 944 
* 1819
-1 1
+1 3
-1 1
+1 9
cfn=(184)
calls=1 944 
* 2221
* 6
2098 2
cfi=(22)
cfn=(60)
calls=1 41 
* 17
* 2
+2 2
+7 4
+51 11
cfn=(216)
calls=1 1870 
* 1656
+6 1
-6 1
+6 4
682 1
2165 1
682 2
2252 2
+28 4
+2 4
2111 1
696 3
2111 1
+1 1
696 2
2116 3
682 1
2117 1
682 2
2173 1
+14 2
+2 3
+4 2
cfi=(68)
cfn=(222) _dl_load_cache_lookup
calls=1 416 
* 1352
* 1
+2 2
+4 2
+8 3
+23 6
cfn=(218)
calls=1 1568 
* 396
+4 2
-4 1
+4 1
+1 2
2131 5
+1 10
682 1
2133 1
682 2
2157 3
+1 2
-16 2

fn=(138)
385 14
241 2
385 2
241 2
385 2
241 2
cfi=(42)
cfn=(118)
calls=2 23 
* 72
+3 4
410 2
-11 2
+11 12
-11 2
cfi=(45)
cfn=(140)
calls=2 40 
* 168

fn=(134) fillin_rpath.isra.0
468 7
+4 1
-4 8
+6 3
cfi=(7)
cfn=(136) strsep
calls=1 239 
* 240
* 3
cfi=(7)
cfn=(136)
calls=1 239 
* 8
* 6
+7 2
+2 3
cfn=(138)
calls=1 -98 
* 118
* 1
+4 2
+5 2
cfi=(22)
cfn=(60)
calls=1 41 
* 17
* 1
+1 2
+7 5
+9 15
+1 8
+55 2
fi=(28)
50 2
cfi=(27)
cfn=(144)
calls=1 +45 
* 5
+1 1
fe=(31)
528 2
+4 3
fi=(28)
56 1
cfi=(27)
cfn=(76)
calls=1 -21 
* 25
* 1
fe=(31)
534 2
+5 1
+1 2
-1 1
-1 1
+2 1
cfi=(29)
cfn=(128)
calls=1 199 
* 13
+3 1
-3 1
+1 1
+2 1
+6 1
+1 1
-1 3
+1 11
+1 1
-1 1
+1 2
-1 2
+1 1
-1 1
+1 2
-1 6
+1 1
-1 1
+1 1
-1 3
+1 1
-1 2
+3 1
+1 1
-1 1
+1 2
+1 1
+6 2
+1 2
-57 4
+66 1
+3 8
-46 4

fn=(176)
1568 11
+39 3
+19 4
cfi=(55)
cfn=(178)
calls=1 28 
* 19
* 1
+2 2
+11 1
+6 2
-5 1
+5 8
cfi=(56)
cfn=(180)
calls=1 25 
* 6
+2 2
+2 2
+2 2
+6 2
+17 11
fi=(28)
50 2
cfi=(27)
cfn=(144)
calls=1 +45 
* 5
fe=(31)
1856 9
1674 3
+74 2
+5 2
+2 4
+6 2
+6 1
+1 1
-1 3
+1 1
-1 1
+1 2
+1 2
+20 3
+31 1
-31 1
1633 1
1820 2
-31 66
+1 28
+1 8
+4 8
+25 12
+3 18
+3 2
-4 2
+4 4
+6 4
-36 6

fn=(184)
944 20
+10 2
-10 8
+10 2
cfi=(46)
cfn=(186)
calls=2 38 
* 14
* 2
+7 8
+85 8
+10 4
+7 14
cfi=(26)
cfn=(70)
calls=2 59 
* 766
* 2
+1 4
+11 4
+5 2
-5 2
+1 4
+1 2
+2 2
-2 2
+2 4
+1 6
+1 2
+19 2
-2 1
+2 12
-2 1
+2 30
+10 8
+85 2
-58 2
-34 2
-1 2
+93 2
+6 2
-64 4
+9 2
+55 4
-55 2
-42 2
+97 4
1101 2
-5 4
+15 60
+20 2
+1 1
-22 69
+1 127
1213 4
1110 2
1213 4
1110 6
1218 6
+10 4
+1 2
-1 2
+1 2
-1 6
+1 6
-1 6
+1 6
-1 18
1076 4
1235 4
+10 8
+7 4
fi=(61) ./elf/./dl-map-segments.h
96 2
fe=(31)
1252 6
fi=(61)
28 2
fe=(31)
1252 2
fi=(61)
96 2
fe=(31)
1252 2
fi=(61)
28 4
+1 16
cfi=(60)
cfn=(194)
calls=2 +18 
* 18
+74 4
-1 2
-73 2
+74 2
+3 4
+1 2
+2 2
-3 2
+1 2
+2 2
+7 8
+3 4
cfi=(72)
cfn=(236)
calls=1 -2 
* 6
* 3
+7 2
+2 2
fi=(62) ./elf/./dl-load.h
-37 16
+1 6
+2 16
fi=(61)
+56 32
+8 2
-2 2
+1 2
+2 2
-1 2
+1 2
-1 6
+8 4
+3 4
+8 14
cfi=(44) ./string/../sysdeps/x86_64/multiarch/memset-vec-unaligned-erms.S
cfn=(132) memset
calls=2 -52 
* 237
+1 4
+5 4
+12 8
-59 40
+2 12
+3 6
-3 12
+2 48
cfi=(60)
cfn=(194)
calls=6 -93 
* 54
* 18
fi=(57) ./elf/../sysdeps/posix/dl-fileid.h
37 6
cfi=(58)
cfn=(190)
calls=2 -8 
* 30
* 4
fe=(31)
999 4
fi=(57)
40 6
fe=(31)
999 2
fi=(57)
40 2
fe=(31)
999 23
+1 10
fi=(57)
49 12
fe=(31)
1515 18
1018 4
+66 13
+1 2
-1 1
+1 1
-1 1
+1 1
cfi=(71)
cfn=(232)
calls=1 25 
* 7
* 2
+26 26
+26 48
+10 8
-1 8
-1 8
+2 8
+2 8
-2 8
-1 48
+2 16
+1 8
+2 8
-3 8
+3 48
+2 16
+4 16
+1 30
+4 6
+1 6
-1 6
+1 42
-18 6
+28 6
-11 2
+1 2
-1 2
+1 14
-18 2
+28 2
-56 4
+7 2
+2 2
-2 2
+1 2
+1 2
-1 4
+1 16
+50 3
+5 1
-1 2
+5 1
-5 2
-56 1
+61 4
+1 1
+3 1
-3 1
+8 4
+15 4
+1 2
+58 8
+1 6
fi=(63) ./elf/./elf/get-dynamic-info.h
39 4
+6 2
-2 2
+2 4
+9 2
+5 2
+3 2
+2 2
-3 2
-3 2
-3 28
+13 8
-23 32
+23 29
-23 116
+4 74
+5 40
+2 10
+3 8
+13 8
+10 7
+1 8
+1 8
+1 8
+2 8
+5 7
+1 7
+1 8
+3 6
+5 2
+7 4
+1 6
+22 6
+5 2
+2 2
+2 2
+2 2
+4 6
+2 3
+1 2
+9 2
+6 2
+4 4
fe=(31)
1275 4
+1 4
+2 4
+10 6
+19 6
+2 10
+52 6
+1 2
+6 16
+1 42
+6 8
cfn=(88)
calls=2 868 
* 40
-7 54
+1 25
+6 25
-6 50
fi=(30)
95 16
213 2
-1 4
105 4
212 2
105 2
-2 2
-3 2
+2 2
+3 2
-4 4
+92 8
-1 2
-87 6
+3 6
+1 4
+1 4
+4 6
+4 6
+3 6
+1 4
+4 2
+1 8
+58 6
+2 8
-56 6
+1 3
+3 6
+3 3
+1 12
+5 6
+2 6
+5 6
+14 3
-1 6
+2 2
-1 4
fe=(31)
1380 4
cfi=(64)
cfn=(204)
calls=2 25 
* 12
* 4
+13 4
+2 8
+2 4
+16 4
cfi=(8)
cfn=(14)
calls=2 25 
* 58
+4 4
+1 4
+17 4
+1 1
+3 1
+5 1
-5 1
+5 1
-5 1
+5 1
-5 1
+5 1
+10 4
+7 12
+10 4
+1 4
+5 2
cfi=(47)
cfn=(238) _dl_assign_tls_modid
calls=1 131 
* 10
+7 6
cfi=(26)
cfn=(82)
calls=2 31 
* 94
+3 8
+23 14
+1 6
cfi=(49)
cfn=(206)
calls=2 76 
* 10
* 2
fi=(62)
95 5
+2 1
-1 2
+1 1
-1 1
+1 1
-1 1
+1 1
-1 2
+3 4
fe=(31)
1506 10
fi=(30)
198 8
+2 2
+1 2
+2 2
-3 6
fe=(31)
1368 6
fi=(63)
62 8
+2 8
fe=(31)
1084 2
fi=(61)
187 8
cfi=(60)
cfn=(194)
calls=1 47 
* 9
+3 2
fe=(31)
1462 6
+2 1
-1 5
+1 1
-1 1
+1 1
-1 1
cfi=(32)
cfn=(90)
calls=1 108 
* 25
* 2
+2 5
1275 2
fi=(57)
49 3
fi=(30)
170 3
-39 2
fe=(31)

fn=(106)
706 11
+14 1
-14 2
+14 2
cfi=(38)
cfn=(108)
calls=1 175 
* 1847
fi=(28)
56 1
fe=(31)
720 1
fi=(28)
56 1
cfi=(27)
cfn=(76)
calls=1 -21 
* 25
fe=(31)
725 1
+2 2
+7 2
+1 2
-1 3
+5 3
fi=(28)
56 1
cfi=(27)
cfn=(76)
calls=1 -21 
* 25
fe=(31)
739 1
+2 4
+17 1
-10 1
+19 1
-11 1
-9 1
+9 1
+12 2
-10 1
+3 2
+9 1
-7 1
+4 1
+3 2
-3 1
-8 1
+3 1
+8 1
-3 1
+1 16
cfi=(44)
cfn=(132)
calls=4 125 
* 72
+2 18
-14 3
+10 3
+4 3
-12 3
-2 3
+2 3
+4 3
-3 3
+3 3
+1 3
-2 3
+5 6
+1 3
-4 3
+4 3
+15 1
+3 1
-15 1
+7 1
-1 1
+9 2
+2 4
+2 3
+36 5
+2 2
cfi=(22)
cfn=(60)
calls=1 41 
* 17
* 9
-19 1
-2 1
+2 2
+19 9
cfi=(29)
cfn=(80)
calls=1 212 
* 11
* 1
+5 4
-1 2
+2 1
+1 2
-2 4
+1 13
+1 26
-2 52
+5 1
fi=(28)
56 1
cfi=(27)
cfn=(76)
calls=1 -21 
* 25
fe=(31)
836 1
fi=(28)
56 1
fe=(31)
838 2
+6 6
cfn=(134)
calls=1 468 
* 587
+3 3
+6 1
+4 8
-35 2
+5 2

fl=(7)
fn=(12)
42 1
+1 2
+1 2
+1 2
+1 2
+1 1

fn=(424)
76 2
+10 1
fi=(131) ./elf/../sysdeps/generic/dl-hash.h
-41 1
fe=(7)
+31 1
fi=(131)
-32 1
fe=(7)
+32 5
+11 1
-1 1
fi=(131)
-43 1
+5 3
+14 4
-17 3
+3 15
+14 20
-17 15
fe=(7)
+46 2
fi=(131)
-24 1
fe=(7)
+22 1
+2 2
fi=(131)
-19 1
fe=(7)
+19 1
cfn=(428) lookup_malloc_symbol
calls=1 -30 
* 575
+1 3
-1 1
+1 1
cfn=(428)
calls=1 -31 
* 575
+1 3
-1 1
+1 1
cfn=(428)
calls=1 -32 
* 561
+1 3
-1 1
+1 1
cfn=(428)
calls=1 -33 
* 553
+5 1
+1 1
+1 1
+1 1
+1 7

fn=(136)
239 2
+3 4
+2 2
+1 4
+4 33
+7 84
-2 56
+13 1
+4 4
-22 14
+15 14
-15 30

fn=(428)
61 8
+3 4
-3 16
+3 4
-3 4
+3 8
-1 4
+1 12
cfi=(79)
cfn=(280)
calls=4 840 
* 2104
+4 28
+1 28
+2 4
fi=(132) ./elf/./dl-sym-post.h
-30 8
+12 12
fe=(7)
+19 20

fl=(64)
fn=(204)
25 3
+1 12
+1 3

fl=(32)
fn=(90)
108 154
+33 154
+1 154
+2 154
+1 154
+21 154
+1 154
+1 136
+1 136
+1 121
+1 121
+1 121
+1 121
+21 121
+1 121
+1 121
+1 121
+1 121
+1 121
+1 121
+5 5
+1 15
+9 5
+1 5
+1 5
+1 5
+1 5
+1 5
+1 5
+1 5
-7 33
+1 33
+1 33
+1 33
+1 33
+1 33
+1 33
+1 33
+1 32
+1 22
+1 22
+1 22
+2 22
+1 22
+1 22
+1 22
+1 22
+1 22
-5 10
+1 10
+1 10
+1 10
+1 10
+1 10
+10 6
+1 6
+1 6
+2 6
+6 6
+1 6
+1 6
+1 6
+1 6
+5 6
+2 3
+1 3
+1 6
+8 3
+1 3
+3 3
+1 3
+1 3
+1 3
+1 3
+1 3
693 1
+1 1
+1 1
+1 1
+1 1
+2 1
+1 1
+1 1
+1 1
+1 1
+1 1
+1 1
943 1
+1 1
+1 1
+1 1
+1 1
+2 1
+1 1
+1 1
+1 1
+1 1
+1 1
+1 1
+1 1
+4 1
+1 1
+1 1
+6 1
+1 1
+1 2
+4 1
+1 1
+3 1
+1 1
+1 1
+3 1
+1 1
+1 1
+6 1
+1 1
+1 1
+1 1
+1 1
+1 1
+72 5
+1 5
+1 5
+1 5
+1 5
+2 5
+1 5
+1 5
+1 5
+1 5
+1 5
+1 5
+1 1
+4 1
+1 1
+1 1
+6 1
+1 1
+1 2
+4 1
+1 1
+3 1
+1 1
+1 1
+3 1
+1 1
+1 1
+6 1
+1 1
+1 1
+1 1
+1 1
+1 1
+7 1
+1 1
+2 1
+1 1
+2 1
+1 1
+1 1
+3 1
+1 1
+1 1
+6 1
+1 1
+1 1
+1 1
+1 1
+1 1
+41 2
+1 2
+1 2
+1 2
+1 2
+2 2
+1 2
+1 2
+1 2
+1 2
+1 2
+1 2
1318 2
+1 2
+1 2
+1 2
+1 2
+2 2
+1 2
+1 2
+1 2
+1 2
+1 2
+1 2
+1 2
+4 2
+1 2
+1 2
+6 2
+1 2
+1 4
+4 2
+1 2
+3 2
+1 2
+1 2
+3 2
+1 2
+1 2
+6 2
+1 2
+1 2
+1 2
+1 2
+1 2
1693 3
+1 3
+1 3
+1 3
+1 3
+2 3
+1 3
+1 3
+1 3
+1 3
+1 3
+1 3
+1 2
+4 2
+1 2
+1 2
+6 2
+1 2
+1 4
+4 2
+1 2
+3 2
+1 2
+1 2
+3 2
+1 2
+1 2
+6 2
+1 2
+1 2
+1 2
+1 2
+1 2
+72 1
+1 1
+1 1
+1 1
+1 1
+2 1
+1 1
+1 1
+1 1
+1 1
+1 1
+1 1
1943 1
+1 1
+1 1
+1 1
+1 1
+2 1
+1 1
+1 1
+1 1
+1 1
+1 1
+1 1
+1 1
+4 1
+1 1
+1 1
+6 1
+1 1
+1 2
+4 1
+1 1
+3 1
+1 1
+1 1
+3 1
+1 1
+1 1
+6 1
+1 1
+1 1
+1 1
+1 1
+1 1
+72 16
+1 16
+1 16
+1 16
+1 16
+2 16
+1 16
+1 16
+1 16
+1 16
+1 16
+1 16
+2 6
+4 6
+1 6
+1 6
+6 6
+1 6
+2 12
+4 6
+1 6
+3 6
+1 6
+1 6
+3 6
+1 6
+1 6
+6 6
+1 6
+1 6
+1 6
+1 6
+1 6
+74 16
+2 16
+1 16
+1 16
+1 16
-3 22
+1 22
+1 22
+1 22
+1 44
+5 22
+6 22
+1 22
+8 22
+1 22
-16 132
+6 132
+1 132
+8 132
+1 132

fl=(44)
fn=(132)
125 7
+1 35
+6 7
+1 7
+1 7
+1 7
+2 1
+1 1
+1 1
+65 4
+1 4
+2 4
+76 6
+1 6
+5 6
+3 6
+1 6
+3 2
+1 2
+13 2
+1 2
+2 2
+3 1
+3 2
+3 1
+1 1
+1 1
+1 1
+1 1
+1 1
+1 1
-6 27
+1 27
+1 27
+1 27
+1 27
+1 27
+1 27
+3 2
+1 2
+1 2
+1 2
+5 2

fl=(134)
fn=(434)
74 30
+2 3
-2 3
+4 3
-4 3
+2 3
+2 9
+37 3
-37 9
+1 6
+2 12
+3 25
-52 3
+54 6
-54 3
+54 3
-54 9
+1 9
+2 6
+1 6
+12 12
+3 3
+2 3
-2 3
+2 9
cfi=(32)
cfn=(90)
calls=3 +55 
* 207
* 6
+4 6
+1 3
-1 3
+1 18
+1 9
cfi=(32)
cfn=(90)
calls=3 +49 
* 75
* 6
+57 27
-23 6

fl=(142) ./elf/./elf/dl-runtime.c
fn=(458) _dl_fixup
46 40
+2 25
+1 5
+6 5
fi=(221) ./elf/../sysdeps/x86_64/dl-runtime.h
-27 5
fe=(142)
+21 5
+5 5
+1 5
-6 5
+6 10
+1 5
+2 5
-2 5
+2 5
-2 25
+7 10
+4 10
+4 15
+4 15
+1 20
-7 20
+16 5
-1 5
+1 10
+10 50
cfi=(79)
cfn=(280)
calls=5 840 
* 2897
* 5
+4 25
+10 50
+15 20
+9 15
+26 15
fi=(6)
+70 5
fe=(142)
-66 30

fl=(65)
fn=(208)
25 1
+2 7
+4 1

fl=(78)
fn=(272)
194 8
+14 4
-14 36
+16 4
-16 8
+14 4
+2 8
+3 4
-1 4
+1 8
+19 8
+6 20
-34 8
+38 8
+7 16
fi=(6)
71 14
+6 8
+4 6
+14 2
-8 2
+8 4
+20 4
+4 10
-2 4
fe=(78)
288 159
-83 2
fi=(6)
474 8
fe=(78)
205 4
+83 4
fi=(5)
49 2
fe=(78)
288 2
fi=(5)
60 2
-11 4
+11 4
fe=(78)
288 2
-83 2
fi=(6)
474 8
fe=(78)
205 4
+83 4
fi=(5)
49 2
fe=(78)
288 2
fi=(5)
60 2
-11 4
+11 4
fe=(78)
288 8
fi=(5)
49 4
fe=(78)
288 4
fi=(5)
60 4
-11 8
+11 8
-7 2
-1 2
+11 16
fi=(6)
545 40
+4 40
+3 60
+1 20
fi=(5)
63 60
+2 240
+2 120
-4 120
+13 12
+1 8
+1 80
fi=(6)
545 40
+34 80
+2 40
cob=(3)
cfi=(128) ./string/../sysdeps/x86_64/multiarch/rawmemchr.c
cfn=(408) rawmemchr
calls=1 31 
* 23
cob=(3)
cfi=(127) ./string/../sysdeps/x86_64/multiarch/strncase.c
cfn=(406) strncasecmp
calls=1 31 
* 7
cob=(3)
cfi=(126) ./string/../sysdeps/x86_64/multiarch/mempcpy.c
cfn=(402) mempcpy
calls=1 33 
* 22
cob=(3)
cfi=(125) ./string/../sysdeps/x86_64/multiarch/strspn.c
cfn=(400) strspn
calls=1 29 
* 7
cob=(3)
cfi=(123) ./string/../sysdeps/x86_64/multiarch/memchr.c
cfn=(396) memchr
calls=1 29 
* 23
cob=(3)
cfi=(122) ./string/../sysdeps/x86_64/multiarch/stpcpy.c
cfn=(392) stpcpy
calls=1 33 
* 17
cob=(3)
cfi=(120) ./wcsmbs/../sysdeps/x86_64/multiarch/wmemcmp.c
cfn=(388) wmemcmp
calls=1 29 
* 22
cob=(3)
cfi=(119) ./string/../sysdeps/x86_64/multiarch/strncpy.c
cfn=(384) strncpy
calls=1 29 
* 17
cob=(3)
cfi=(118) ./string/../sysdeps/x86_64/multiarch/strlen.c
cfn=(380) strlen
calls=1 29 
* 21
cob=(3)
cfi=(117) ./string/../sysdeps/x86_64/multiarch/strcasecmp_l.c
cfn=(378) strcasecmp_l
calls=1 31 
* 7
cob=(3)
cfi=(116) ./string/../sysdeps/x86_64/multiarch/strcpy.c
cfn=(374) strcpy
calls=1 29 
* 17
cob=(3)
cfi=(115) ./string/../sysdeps/x86_64/multiarch/strchrnul.c
cfn=(370) strchrnul
calls=1 31 
* 21
cob=(3)
cfi=(114) ./string/../sysdeps/x86_64/multiarch/memrchr.c
cfn=(366) memrchr
calls=1 29 
* 21
cob=(3)
cfi=(112) ./wcsmbs/../sysdeps/x86_64/multiarch/wmemset.c
cfn=(362) wmemset
calls=2 31 
* 38
cob=(3)
cfi=(110) ./string/../sysdeps/x86_64/multiarch/memcmp.c
cfn=(358) bcmp
calls=1 29 
* 22
cob=(3)
cfi=(109) ./string/../sysdeps/x86_64/multiarch/strncase_l.c
cfn=(356) strncasecmp_l
calls=1 31 
* 7
cob=(3)
cfi=(108) ./string/../sysdeps/x86_64/multiarch/strcat.c
cfn=(352) strcat
calls=1 29 
* 17
cob=(3)
cfi=(107) ./wcsmbs/../sysdeps/x86_64/multiarch/wcscpy.c
cfn=(350) wcscpy
calls=1 43 
* 7
cob=(3)
cfi=(106) ./string/../sysdeps/x86_64/multiarch/strcspn.c
cfn=(348) strcspn
calls=1 29 
* 7
cob=(3)
cfi=(105) ./string/../sysdeps/x86_64/multiarch/strcasecmp.c
cfn=(346) strcasecmp
calls=1 31 
* 7
cob=(3)
cfi=(104) ./string/../sysdeps/x86_64/multiarch/strncmp.c
cfn=(344) strncmp
calls=1 66 
* 17
cob=(3)
cfi=(102) ./wcsmbs/../sysdeps/x86_64/multiarch/wmemchr.c
cfn=(340) wmemchr
calls=2 31 
* 46
cob=(3)
cfi=(100) ./string/../sysdeps/x86_64/multiarch/stpncpy.c
cfn=(336) stpncpy
calls=1 31 
* 17
cob=(3)
cfi=(99) ./wcsmbs/../sysdeps/x86_64/multiarch/wcscmp.c
cfn=(332) wcscmp
calls=1 30 
* 21
cob=(3)
cfi=(98) ./string/../sysdeps/x86_64/multiarch/memmove.c
cfn=(328) memmove
calls=2 29 
* 44
cob=(3)
cfi=(97) ./string/../sysdeps/x86_64/multiarch/strrchr.c
cfn=(324) rindex
calls=1 28 
* 21
cob=(3)
cfi=(96) ./string/../sysdeps/x86_64/multiarch/strchr.c
cfn=(322) index
calls=1 61 
* 19
cob=(3)
cfi=(94) ./wcsmbs/../sysdeps/x86_64/multiarch/wcschr.c
cfn=(318) wcschr
calls=2 31 
* 42
cob=(3)
cfi=(92) ./string/../sysdeps/x86_64/multiarch/memcpy.c
cfn=(314) memcpy@@GLIBC_2.14
calls=1 29 
* 22
cob=(3)
cfi=(91) ./wcsmbs/../sysdeps/x86_64/multiarch/wcslen.c
cfn=(310) wcslen
calls=1 29 
* 19
cob=(3)
cfi=(89) ./string/../sysdeps/x86_64/multiarch/memset.c
cfn=(306) memset
calls=1 29 
* 24
cob=(3)
cfi=(87) ./wcsmbs/../sysdeps/x86_64/multiarch/wcsnlen.c
cfn=(302) wcsnlen
calls=1 29 
* 19
cob=(3)
cfi=(86) ./string/../sysdeps/x86_64/multiarch/strcmp.c
cfn=(300) strcmp
calls=1 65 
* 17
cob=(3)
cfi=(85) ./string/../sysdeps/x86_64/multiarch/strpbrk.c
cfn=(298) strpbrk
calls=1 29 
* 7
cob=(3)
cfi=(83) ./string/../sysdeps/x86_64/multiarch/strnlen.c
cfn=(294) strnlen
calls=2 31 
* 42
-36 40
+37 40
fi=(5)
77 121
fe=(78)
288 32
+3 24
+24 4
+3 8
+17 12
+2 32
-98 8
fi=(5)
86 12
+2 12
+12 6
-14 24
+14 12
+10 8
+3 10
+1 2
fi=(6)
529 2
fi=(5)
114 2
fi=(6)
529 4
fi=(5)
114 1196
fi=(6)
529 1196
fi=(5)
114 1196
fi=(6)
529 2392
+5 2396
+1 1198
fi=(5)
113 1198
fi=(6)
535 1198
-5 1198
fi=(5)
113 2396
+7 24
+4 16
+2 8
-73 3
fi=(6)
484 3
fi=(5)
52 3
fi=(6)
484 6
fi=(5)
128 6
+1 3
+1 3
-2 3
+2 3
+3 3
-5 3
+2 3
-2 3
+1 6
+2 3
-2 3
+2 9
+2 6
-5 186
+1 93
+1 93
-2 93
+2 93
+3 93
-5 93
+2 93
-2 93
+1 186
+2 93
-2 93
+2 279
+2 186
+9 94
fi=(6)
262 188
+21 188
+4 188
+7 376
fi=(4)
138 234
fi=(6)
294 2969
cfi=(79)
cfn=(280)
calls=75 840 
* 42749
* 675
+2 234
+30 564
450 231
fi=(5)
145 265
-19 288
+32 15
+1 6
fi=(6)
294 2
+22 2
-22 4
fi=(5)
160 6
+3 2
+4 2
-4 2
+4 4
-2 2
-2 2
+2 2
+1 2
-1 4
fi=(6)
294 8
508 2
-1 4
+1 4
+1 2
cfi=(15)
cfn=(436)
calls=1 71 
* 6
cob=(3)
cfi=(81) ./string/../sysdeps/x86/cacheinfo.c
cfn=(290) __x86_cacheinfo
calls=1 86 
* 28
+1 2
fi=(5)
159 2
fi=(6)
510 2
fi=(5)
159 8
-13 12
fi=(6)
422 51
+4 68
+5 17
+9 17
-9 34
+9 17
fi=(5)
145 66
fi=(6)
296 141
+3 93
-3 93
+3 186
fi=(5)
135 10
+3 2
fi=(6)
296 77
+3 77
-3 170
+3 4
fi=(5)
50 8
fe=(78)
308 14
fi=(6)
-14 29
fi=(5)
110 3
fe=(78)
343 20
+3 4
-3 4
+3 4
+4 8
+1 16
cfi=(72)
cfn=(236)
calls=4 117 
* 24
* 8
-63 3
fi=(5)
53 2
175 7
+2 2
+1 2
-1 1
+3 1
-3 4
+3 2
-3 10
+1 10
-1 5
+3 5
-3 20
+3 10
+8 6
fi=(6)
+74 12
+21 12
+4 12
+7 24
fi=(4)
138 18
fi=(6)
294 204
cfi=(79)
cfn=(280)
calls=6 840 
* 3162
* 54
+2 18
+30 36
450 12
fi=(5)
191 18
-16 18
+30 4
fi=(6)
+91 2
+3 2
-3 2
+3 4
-3 2
+3 2
-3 4
fe=(78)

fl=(36) ./posix/../sysdeps/unix/syscall-template.S
fn=(102) uname
120 5
+2 1

fl=(42)
fn=(118)
23 15
+1 15
+1 15
+1 15
+1 15
+1 15
+1 15
+1 15
+1 15
+1 15
+1 15
+1 15
+1 15
+1 15
+1 15
+1 15
+1 15
+1 15
+1 13
+4 13
+1 13
+1 13
+1 13
+2 13
+4 2
+1 2
+1 2
+1 2
+1 2
+1 2
+1 2
+1 2
+1 2
+1 2
+1 2
+1 2
+1 2
+1 2
+1 2
+1 2
+1 2
+1 2
+1 2
+1 2
+1 2
+1 2
+1 2
+1 2
+52 2
+4 2
+1 2
+1 2
+1 2
+2 2

fl=(13)
fn=(100)
46 5
+2 3
+85 5
-45 2
cfi=(36)
cfn=(102)
calls=1 +32 
* 6
+15 1
-15 2
+20 1
-1 1
+3 12
+4 3
-2 6
+2 10
+3 1
-1 1
+1 3
-3 4
+7 3
-1 3
+4 3
-2 3
+2 10
+5 2

fl=(52)
fn=(162) _dl_catch_error
225 10
+2 2
cob=(2)
cfi=(51)
cfn=(164)
calls=1 0 
* 2759
+1 2
+1 1
+1 1
-1 1
+1 1
+2 5

fn=(250)
238 6
+1 1
+1 1
+3 1
+1 1
+2 1
cfi=(2)
cfn=(252)
calls=1 696 
* 3544
+2 1
+1 1
+1 4

fn=(166) _dl_catch_exception
175 9
+5 3
-5 9
+5 3
-2 6
+22 3
-1 3
+7 6
-6 3
+3 6
+3 3
cfi=(53)
cfn=(168)
calls=3 30 
* 72
* 12
+2 9
cfi=(66)
cfn=(214)
calls=2 61 
* 6649
cfi=(2)
cfn=(170)
calls=1 663 
* 2698
+2 3
-1 3
+1 3
-1 3
+1 6
+9 12

fl=(135)
fn=(438)
27 1
+2 2
-2 1
+6 3
-6 1
+6 3
-6 1
+6 1
cfi=(134)
cfn=(434)
calls=1 +41 
* 177
+4 2
+2 4
+2 1
-1 1
+1 2
-1 1
cob=(3)
cfi=(136) ./elf/./elf/libc_early_init.c
cfn=(440) __libc_early_init
calls=1 -7 
* 1108

fl=(68)
fn=(222)
416 10
+2 2
+3 3
+74 1
208 1
495 2
+3 3
fi=(70) ./elf/../sysdeps/x86/dl-procinfo.h
39 2
+3 3
cfi=(32)
cfn=(90)
calls=1 +66 
* 25
* 4
fe=(68)
212 6
cfi=(10)
cfn=(24)
calls=1 405 
* 21
* 1
+16 2
-16 1
+6 2
+10 1
-7 5
+9 3
+1 1
-37 2
+37 1
+4 2
-5 18
+1 6
-37 12
+37 6
+4 12
+4 21
cfn=(230) _dl_cache_libcmp
calls=7 370 
* 534
+1 14
359 6
+3 6
228 6
360 3
228 9
+2 5
+20 4
+3 4
+2 8
cfn=(230)
calls=2 370 
* 220
* 4
+2 1
-9 4
-30 2
+1 1
+95 1
-95 1
-1 8
+96 3
-47 2
+10 2
+1 3
fi=(69) ./elf/../sysdeps/generic/dl-cache.h
125 5
fe=(68)
294 2
+9 2
+3 2
+2 3
+1 2
+5 2
+1 4
+7 2
+21 4
513 2
+12 2
cfi=(22)
cfn=(60)
calls=1 41 
* 35
* 12
+1 1
-1 1
+1 1
-1 1
+1 1
cfi=(29)
cfn=(80)
calls=1 212 
* 11
* 1
+1 1
cfi=(45)
cfn=(140)
calls=1 40 
* 89
+1 8
-3 2
424 4
cfi=(54)
cfn=(224)
calls=1 36 
* 91
* 1
+8 5
+1 8
+3 4
+1 1
-1 3
fi=(69)
194 1
+1 5
fe=(68)
444 1
+1 2

fn=(468)
537 1
+1 4
-1 1
+3 2
cfi=(72)
cfn=(470)
calls=1 117 
* 6
+1 1
+4 1
+2 2

fn=(230)
370 9
+1 9
+32 9
-33 18
+1 22
+2 49
+2 49
-2 98
+20 94
+2 94
-12 40
+2 40
+14 40
+1 40
-29 80
+32 6
-28 4
+8 2
-2 4
+1 4
-1 2
+2 6
+2 2
-3 2
+3 6
+2 4
+9 21

fl=(141) ./elf/../sysdeps/x86_64/dl-trampoline.h
fn=(456) _dl_runtime_resolve_xsave
67 5
+5 5
+3 5
+2 5
+10 5
+6 5
+1 5
+1 5
+1 5
+1 5
+1 5
+1 5
+4 5
+1 5
+3 5
+1 5
+2 5
+1 5
+1 5
+1 5
+1 5
+1 5
+2 5
+7 5
+1 5
+1 5
cfi=(142)
cfn=(458)
calls=5 -80 
* 3377
+1 5
+5 5
+1 5
+1 5
+2 5
+1 5
+1 5
+1 5
+1 5
+1 5
+1 5
+2 5
+2 5
+4 5
+2 5

fl=(47)
fn=(148)
197 1
+2 2
+1 1
+15 2

fn=(262)
221 8
+6 3
+3 2
+36 3
+2 1
-2 1
-2 1
-40 1
-1 1
-1 1
+46 2
+23 3
+3 1
-3 4
+2 2
-2 1
-25 1
+20 1
-20 5
+2 2
+3 1
-1 1
+5 2
-5 1
+1 1
-1 1
+3 2
+2 3
+32 3
-1 1
+1 4
+2 2
-2 2
+53 8

fn=(260)
97 2
+4 1
-4 2
+4 1
-4 2
+4 3
cfi=(10)
cfn=(24)
calls=1 405 
* 21
* 1
+1 4
cfi=(10)
cfn=(24)
calls=1 405 
* 21
* 1
+8 1
-8 1
+6 2
+2 3
+3 1
+2 1
-32 3
+34 3
+1 5

fn=(412)
1015 8
+6 1
+3 1
+1 1
+4 3
+34 2
+3 3
+1 3
+3 6

fn=(414)
528 10
+1 2
+4 1
+6 1
-6 1
+6 1
cfi=(24)
cfn=(84)
calls=1 42 
* 3
+3 3
+12 1
-18 1
-1 1
+43 3
-19 13
+9 3
+1 2
+6 3
+1 1
+2 2
-2 1
+6 1
-4 2
+4 1
-4 2
+3 2
+4 2
+1 4
+2 2
+1 2
+17 1
-8 1
+8 1
+2 3
cfi=(29)
cfn=(128)
calls=1 199 
* 13
* 5
cfi=(44)
cfn=(132)
calls=1 125 
* 25
-49 1
+55 1
-55 4
+6 4
+55 2
cfi=(24)
cfn=(84)
calls=1 42 
* 3
+3 2
+3 9

fn=(264)
422 2
+13 1
-13 2
+2 1
+12 1
fi=(28)
56 1
cfi=(27)
cfn=(76)
calls=1 -21 
* 53
fe=(47)
437 3
+8 2
fi=(28)
44 1
fe=(47)
445 2
+1 1
+4 321
+19 1
-99 1
+4 1
+1 1
fi=(28)
44 1
cfi=(27)
cfn=(72)
calls=1 +34 
* 36
fe=(47)
376 2
+3 1
+6 2
+90 5

fn=(238)
131 2
+3 1
+13 1
-13 1
+52 1
+2 1
+3 1
+1 2

fl=(67)
fn=(220)
28 20
+1 40
cfi=(59)
cfn=(192)
calls=10 153 
* 98

fl=(24)
fn=(66)
53 3
+3 8
+5 1
-5 1
+5 1
+1 1
-6 1
+8 1

fn=(266)
68 2
fi=(222) ./elf/../include/list.h
-24 1
fe=(24)
+24 1
fi=(222)
-25 1
fe=(24)
+26 1
+3 1
fi=(222)
-29 1
+1 1
+1 1
+2 1
fe=(24)
+28 4
+1 2
+1 1
+5 2
+5 1
+6 1
-3 1
+3 1
-6 3
+6 1
+13 3
fi=(76) ./elf/../sysdeps/unix/sysv/linux/rseq-internal.h
-72 1
fe=(24)
+72 1
cfi=(10)
cfn=(24)
calls=1 405 
* 20
fi=(76)
-74 3
+2 6
+3 2
+3 1
fe=(24)
+83 3
+7 2
+2 1
+1 1
+1 3

fn=(84)
42 8
+2 16

fl=(56)
fn=(180)
25 2
+1 8
+1 2

fl=(9)
fn=(16)
85 4
+25 1
-25 6
+25 1
-1 1
+1 195
+11 1
-8 1
+1 1
-4 1
+3 1
+6 1
+2 13
-34 1
-1 1
+36 113
+3 1
+1 1
-5 85
+57 1
-57 1
+58 1
-1 1
-57 3
+29 1
-29 1
+30 1
-1 1
-29 3
+41 1
-41 1
+42 1
-1 1
-41 3
+35 1
-35 1
+36 1
-1 1
-35 3
+32 1
-32 1
+33 1
-1 1
-32 4
+13 1
-13 1
+14 1
-1 1
-13 3
+10 1
-10 1
+11 1
-1 1
-10 3
+7 1
-7 4
224 1
cfi=(10)
cfn=(18)
calls=1 +58 
* 31649
+3 1
cfi=(12)
cfn=(22)
calls=1 +54 
* 32
fi=(13)
36 2
cfi=(14) ./elf/../sysdeps/unix/sysv/linux/brk.c
cfn=(28) brk
calls=1 -1 
* 8
fi=(6)
215 1
cfi=(15)
cfn=(32)
calls=1 37 
* 7224
fe=(9)
+23 3
+1 1
cfi=(22)
cfn=(60)
calls=1 41 
* 17
* 1
+2 2
cfi=(23)
cfn=(62)
calls=1 37 
* 15
* 3
+12 3
+3 5
cfi=(2)
cfn=(64)
calls=1 1320 
* 100490
+2 9

fn=(464)
262 1
+1 1

fl=(41)
fn=(116)
51 55
-25 42
+4 24
+4 48
+1 12
-1 24
+2 24
+5 27
cfi=(42)
cfn=(118)
calls=9 -18 
* 216
+1 18
+3 6
+11 12
+1 12
+1 6
-1 6
+1 6
-2 6
+1 6
+1 3
-1 3
+1 27
cfn=(120) _dl_hwcaps_contains
calls=6 +8 
* 30
* 12
-3 5
+7 44
-19 6
cfi=(22)
cfn=(60)
calls=3 -2 
* 51
* 3

fn=(122)
25 4
+1 3
+21 1
-20 1
+20 3

fn=(120)
66 6
+1 12
+1 6
+9 6

fl=(58)
fn=(190)
29 6
+1 6
+5 9
cfi=(59)
cfn=(192)
calls=3 153 
* 24

fl=(16)
fn=(40) update_active.constprop.0
43 7
+45 1
-41 1
+28 1
-18 1
+31 1
+4 1
-36 1
-1 1
+37 1
-26 1
-11 1
+1 1
+36 2
+1 1
-17 1
-21 1
+25 1
-4 1
-11 1
+28 1
-1 1
-36 1
+18 1
+19 1
-13 1
-4 1
-11 1
+19 1
+11 1
-3 1
-12 1
+14 1
-29 1
+18 1
+9 1
-18 1
+13 1
-13 1
-9 1
+29 2
+3 1
-14 1
-9 1
+9 1
+4 1
+10 1
-17 1
+7 1
+5 1
+5 1
+1 1
-1 1
+1 2
+2 2
+1 4
+3 1
+1 1
-1 1
+1 1
-1 1
+1 1
-1 1
+1 1
+4 2
+4 2
+2 4
+83 3
+12 2
+1 1
+3 3
+4 1
-4 1
+4 1
+67 3
+4 3
fi=(18)
31 1
-3 1
+3 1
-1 2
fe=(16)
296 1
+1 8
-75 3
+1 2
+3 1
-1 1
+9 1
-5 1
+2 1
-2 1
+5 1
fi=(18)
32 3
+4 3
fe=(16)
+83 2
+2 1
+3 2
+10 1
+10 1
-10 1
+10 1
-10 1
+6 1
+4 1
-4 1
-6 1
+6 1
+2 1
-2 1
+2 3
+7 4
fi=(18)
39 3
+1 4
+5 1
-7 1
+7 3
+2 1
+1 2
+1 3
+2 4
+1 2
+1 2
+6 1
-4 1
+4 1
-3 2
fe=(16)
+75 1
-5 2
+4 1

fn=(34)
399 1
+16 1
-16 6
+3 1
+1 1
+1 1
+11 2
+3 6
593 1
+94 5
+1 1
+3 2
+1 1
+6 1
+3 1
fi=(19)
+5 1
+2 1
fe=(16)
-9 1
fi=(19)
+23 2
840 1
+46 1
-46 17
+45 2
+25 2
+21 2
-21 2
+13 3
+8 1
-8 1
+8 1
cfi=(10)
cfn=(24)
calls=1 405 
* 21
* 1
+2 2
+3 4
cfi=(10)
cfn=(24)
calls=1 405 
* 21
* 1
+2 1
+3 2
-3 2
+3 1
-3 1
+3 1
cfi=(10)
cfn=(24)
calls=1 405 
* 21
* 1
+1 5
+16 2
-12 5
cfi=(10)
cfn=(24)
calls=1 405 
* 21
* 1
+1 3
+23 1
-17 5
+3 3
-3 1
cfi=(10)
cfn=(24)
calls=1 405 
* 21
+3 3
-3 2
+3 9
cfi=(10)
cfn=(54)
calls=1 157 
* 58
+1 9
cfi=(10)
cfn=(54)
calls=1 157 
* 58
+1 10
cfi=(10)
cfn=(54)
calls=1 157 
* 58
+3 8
cfi=(10)
cfn=(54)
calls=1 157 
* 58
+2 8
cfi=(10)
cfn=(54)
calls=1 157 
* 58
+4 1
fe=(16)
706 1
fi=(19)
967 2
fe=(16)
706 2
fi=(19)
967 4
fe=(16)
706 1
cfi=(10)
cfn=(24)
calls=1 405 
* 19
+4 3
+14 1
-1 2
+1 3
+47 1
-1 1
+1 1
+46 4
cfi=(10)
cfn=(24)
calls=1 405 
* 19
+2 4
cfi=(10)
cfn=(24)
calls=1 405 
* 19
fi=(21) ./elf/../sysdeps/unix/sysv/linux/x86/cpu-features.c
27 6
fe=(16)
829 2
+45 8
fi=(19)
+19 11
fe=(16)
775 3
+27 2
-10 2
+1 2
+2 3
+1 2
+2 3
+1 2
fi=(19)
-75 3
cfn=(46)
calls=1 255 
* 437
+1 1
-1 2
+1 1
cfn=(46)
calls=1 255 
* 478
+1 1
-1 1
+1 1
cfn=(46)
calls=1 255 
* 503
+3 1
-3 2
+3 1
cfn=(46)
calls=1 255 
* 459
+2 1
-2 1
+2 1
cfn=(46)
calls=1 255 
* 451
+3 1
-2 1
-1 1
+3 1
cfn=(46)
calls=1 255 
* 428
+2 1
-2 1
+2 1
cfn=(46)
calls=1 255 
* 429
+3 1
-2 1
-1 1
+3 1
cfn=(46)
calls=1 255 
* 469
+2 1
-2 1
+2 1
cfn=(46)
calls=1 255 
* 470
+3 1
-3 1
+3 1
cfn=(46)
calls=1 255 
* 494
+2 1
-2 1
+2 1
cfn=(46)
calls=1 255 
* 495
+2 1
-2 1
+2 1
cfn=(46)
calls=1 255 
* 790
+2 3
-2 1
+2 1
cfn=(52)
calls=1 481 
* 215
863 15
fe=(16)
424 6
cfn=(36) get_common_indices.constprop.0
calls=1 -99 
* 71
303 3
+1 2
+1 6
+5 2
+1 6
+5 2
+1 6
429 1
cfn=(40)
calls=1 43 
* 194
+2 1
+2 1
+83 1
-85 2
564 2
+7 2
+2 1
+4 2
+6 2
422 2
-3 1
+14 3
+1 4
+69 1
+10 11
+42 1
+1 1
434 11
+55 3

fn=(36)
325 1
+4 4
+3 3
+5 2
-5 1
+5 1
-5 1
+4 1
+1 1
+1 4
+1 4
+1 3
+1 2
+7 2
+2 5
+5 1
-5 1
+5 1
-5 1
+5 1
-5 2
+5 1
+7 1
-7 4
+7 1
+1 3
+6 1
-6 4
+6 1
fi=(17) ./elf/../sysdeps/unix/sysv/linux/x86/dl-minsigstacksize.h
24 2
+3 2
+1 2
+37 3
+7 1
+2 1
fe=(16)
384 2

fl=(14)
fn=(28)
35 1
+1 3
+1 2
+6 1
+1 1

fl=(55)
fn=(178)
28 13
+3 13
-3 39
+3 78
+8 91
+2 3
-2 30
+2 10

fl=(73)
fn=(240)
30 20
+4 2
+1 4
+11 2
-1 4
+18 8

fl=(8)
fn=(14)
25 4
+3 4
-3 4
+3 8
+3 12
+1 8
+2 4
-1 4
+3 12
+1 4
+4 4
-3 4
+7 4
-4 4
-3 4
+2 8
+5 4
-5 4
-2 4
+7 4
-5 4
+10 4

ob=(2)
fl=(51)
fn=(450) 0x0000000004884650
0 38
cob=(1)
cfi=(10)
cfn=(24)
calls=19 405 
0 391
cob=(1)
cfi=(141)
cfn=(456)
calls=1 67 
0 813
0 5

fn=(500) 0x00000000048845f0
0 2
cob=(3)
cfi=(148) ./string/../sysdeps/x86_64/multiarch/strrchr-avx2.S
cfn=(502) __strrchr_avx2
calls=1 46 
0 28

fn=(516) 0x0000000000401000
0 7

fn=(164)
0 6
cob=(1)
cfi=(52)
cfn=(166)
calls=3 175 
0 9524

fn=(526) 0x00000000048846d0
0 2
cob=(1)
cfi=(49)
cfn=(530)
calls=1 117 
0 5
cob=(1)
cfi=(141)
cfn=(456)
calls=1 67 
0 824
0 5

fn=(774)
0 4

fn=(478)
0 6
cob=(4)
cfi=(145)
cfn=(482)
calls=1 0 
0 12
0 1
cob=(4)
cfi=(145)
cfn=(490)
calls=1 0 
0 5
0 2

fn=(786)
0 2
cob=(3)
cfi=(210) ./stdlib/./stdlib/cxa_finalize.c
cfn=(788) __cxa_finalize
calls=1 30 
0 72

fn=(778)
0 3
cob=(4)
cfi=(145)
cfn=(780)
calls=1 0 
0 105
0 2

fn=(160)
0 2
cob=(1)
cfi=(52)
cfn=(162)
calls=1 225 
0 2782

ob=(5)
fl=(201) /home/rorollin/Projects/M2/push_swap/libft/ft_printf/ft_print_s.c
fn=(734) ft_print_s
16 27095
+1 10838
+2 16257
cfi=(202) /home/rorollin/Projects/M2/push_swap/libft/i_o/ft_putstr_fd.c
cfn=(736) ft_putstr_fd
calls=5419 -2 
* 359739
* 5419
+1 21676

fl=(177) /home/rorollin/Projects/M2/push_swap/src/utils/target_utils.c
fn=(628) target_init
16 1500
+3 500
+1 500
+1 500
+1 1000

fl=(169) /home/rorollin/Projects/M2/push_swap/src/parsing.c
fn=(620) array_valid
36 4
+4 1
+1 2000
+2 1497
+1 500996
+2 873250
+2 374250
-4 124750
+6 1497
-9 499
+11 3

fn=(582) array_populate
18 6
+4 2
+2 1
+1 3
cfi=(170) /home/rorollin/Projects/M2/push_swap/src/utils/array_utils.c
cfn=(584) array_init
calls=1 +18 
* 5048989
* 3
+1 1
+1 3
+6 3

fn=(622) stack_populate
55 4
+4 1
+1 3
+2 8
cfi=(176) /home/rorollin/Projects/M2/push_swap/src/utils/node_utils.c
cfn=(624) node_init
calls=1 -46 
* 1034
* 2
cfi=(178) /home/rorollin/Projects/M2/push_swap/src/utils/stack_utils.c
cfn=(630) stack_init
calls=1 -46 
* 412
* 1
+1 2000
+1 6487
cfi=(176)
cfn=(624)
calls=499 -48 
* 428706
* 1497
cfi=(178)
cfn=(632) stack_add_node
calls=499 -25 
* 30487
-1 499
+2 2
+1 4

fl=(168) /home/rorollin/Projects/M2/push_swap/src/error_handling.c
fn=(580) error_handling
16 5
+3 2
+2 3
+2 3
+1 1
+8 3

fl=(167) /home/rorollin/Projects/M2/push_swap/libft/memory/ft_memset.c
fn=(578) ft_memset
16 2525
+4 1010
+1 505
+1 91791
+2 150460
+1 90276
-3 30092
+5 1515

fl=(184) /home/rorollin/Projects/M2/push_swap/libft/list/ft_lstnew.c
fn=(648) ft_lstnew
16 62409304
+3 31204652
cob=(3)
cfi=(160) ./malloc/./malloc/malloc.c
cfn=(552) malloc
calls=15602326 3287 
* 1157570895
* 15602326
* 15602326
+1 31204652
+2 46806978
+1 31204652
+1 31204652
+1 62409304

fl=(196) /home/rorollin/Projects/M2/push_swap/src/movelist_print.c
fn=(718) print_movelist
75 4
+4 1
cfn=(720) get_move_names
calls=1 -62 
* 1445
* 1
+2 10840
+2 16257
cfn=(724) get_move_index
calls=5419 -21 
* 1002366
* 5419
+1 37933
cfi=(198) /home/rorollin/Projects/M2/push_swap/libft/ft_printf/ft_printf.c
cfn=(728) ft_printf
calls=5419 -68 
* 1443539
+1 16257
-4 5419
+6 3

fn=(724)
62 21676
+3 5419
+1 79916
+2 119874
cfn=(726) get_movelist
calls=39958 -28 
* 399602
* 199790
+1 16257
+1 103617
-4 34539
+7 21676

fn=(720)
17 2
+4 2
+2 4
cfi=(197) /home/rorollin/Projects/M2/push_swap/libft/string/ft_strlcpy.c
cfn=(722) ft_strlcpy
calls=1 -7 
* 117
+1 5
cfi=(197)
cfn=(722)
calls=1 -8 
* 117
+1 5
cfi=(197)
cfn=(722)
calls=1 -9 
* 117
+1 5
cfi=(197)
cfn=(722)
calls=1 -10 
* 117
+1 5
cfi=(197)
cfn=(722)
calls=1 -11 
* 117
+1 5
cfi=(197)
cfn=(722)
calls=1 -12 
* 117
+1 5
cfi=(197)
cfn=(722)
calls=1 -13 
* 117
+1 5
cfi=(197)
cfn=(722)
calls=1 -14 
* 117
+1 5
cfi=(197)
cfn=(722)
calls=1 -15 
* 149
+1 5
cfi=(197)
cfn=(722)
calls=1 -16 
* 149
+1 5
cfi=(197)
cfn=(722)
calls=1 -17 
* 149
+1 1
+2 3

fn=(726)
40 79916
+4 79916
+1 119871
+1 2
+1 2
+1 2
+1 2
+1 2
+1 2
+1 2
+1 2
+1 2
+1 2
+1 2
+1 1
+1 2
+1 119874

fl=(191) /home/rorollin/Projects/M2/push_swap/src/algo/node_search.c
fn=(706) find_node
32 4
+4 1
+1 3
+1 189
+2 108
+1 3
+1 78
-4 26
+7 3

fn=(682) depth_node
17 1247500
+3 249500
-20 249500
21 998000
-21 30883465
21 123533860
-21 31132965
23 93398895
+1 748500
-24 30883465
25 92650395
+1 92650395
-5 30883465
+8 748500

fl=(182) /home/rorollin/Projects/M2/push_swap/src/algo/move_optimize.c
fn=(708) optimize_movelist
121 4
+3 5
+2 2
+1 16260
+2 10838
cfn=(710) replace_ra_rb
calls=5419 -66 
* 3560578
+2 16257
+1 21676
-5 5419
+7 3

fn=(716) node_n
53 192
+3 48
+1 3311
-57 301
57 650
+1 759
-1 253
+2 144

fn=(644) find_best_moves
161 751494
+1 375747
+2 3000
cfi=(183) /home/rorollin/Projects/M2/push_swap/src/utils/movelist_utils.c
cfn=(646) movelist_add_n
calls=500 38 
* 70923
+1 1000
+1 500
+2 498996
cfi=(183)
cfn=(672) free_movelist
calls=124749 21 
* 2287128350
* 124749
+1 1746486
cfn=(680) shortest_rotate
calls=124749 -33 
* 6286390432
* 124749
+1 1871235
cfn=(680)
calls=124749 -34 
* 4572910001
+1 748494
cfi=(183)
cfn=(646)
calls=124749 38 
* 127315829
+1 374247
cfi=(192) /home/rorollin/Projects/M2/push_swap/libft/list/ft_lstsize.c
cfn=(684) ft_lstsize
calls=124749 16 
* 141531426
* 374247
+1 375747

fn=(680)
136 1996000
+3 2245500
cfi=(191)
cfn=(682)
calls=249500 17 
* 530258405
* 249500
+1 499000
+2 499000
+1 3644
+1 2704416
0 123440
146 370320
+1 249004
cfi=(183)
cfn=(646)
calls=62251 38 
* 2974140198
* 62251
+2 244756
cfi=(183)
cfn=(646)
calls=61189 38 
* 2227784695
+1 123440
0 122416
153 367248
+1 434007
cfi=(183)
cfn=(646)
calls=62001 38 
* 2951768929
* 62001
+2 422905
cfi=(183)
cfn=(646)
calls=60415 38 
* 2163796832
0 122416
158 748500

fn=(710)
63 21676
+5 16257
+1 5419
+1 5419
+1 323149
-71 54477
71 36318
-71 15198
71 10132
-71 26
71 5471
+2 71328
+1 20264
+1 51064
+1 38298
-76 12766
77 53496
-6 17832
+8 12876
+2 336
+2 288
cfn=(716)
calls=48 -30 
* 5658
* 48
+1 336
cfn=(712) movelist_replace_n
calls=48 -65 
* 1235670
* 144
+1 48
+2 384
cfn=(712)
calls=64 -68 
* 1529831
+1 112
+1 16257

fn=(712)
19 784
+7 784
+2 336
+1 112
+1 336
cfi=(193) /home/rorollin/Projects/M2/push_swap/libft/list/ft_lstlast.c
cfn=(686) ft_lstlast
calls=112 -14 
* 2605239
* 112
+1 5328
-31 666
31 1332
+2 3330
+2 336
+1 224
+1 112
+2 1662
+1 1662
-9 554
+11 336
+1 224
cfi=(183)
cfn=(714) movelist_init
calls=112 -15 
* 8624
* 112
+1 560
cfi=(183)
cfn=(646)
calls=112 -6 
* 30592
+1 336
cfi=(185) /home/rorollin/Projects/M2/push_swap/libft/list/ft_lstadd_back.c
cfn=(650) ft_lstadd_back
calls=112 -29 
* 5355
+1 336
+1 224
+1 224
cfi=(183)
cfn=(672)
calls=112 -27 
* 94997
+1 224
+1 448

fl=(158) /home/rorollin/Projects/M2/push_swap/src/utils/context_utils.c
fn=(654) append_movelist
47 2500
+3 1500
+2 3
+1 1
+2 1497
+1 2191432
+2 3285651
+2 3285651
-4 1095217
+6 1996
cfi=(185)
cfn=(650)
calls=499 -46 
* 7679992
+1 1500

fn=(542) context_init
18 5
+3 3
cfi=(159) /home/rorollin/Projects/M2/push_swap/libft/memory/ft_calloc.c
cfn=(544) ft_calloc
calls=1 -4 
* 2910
* 1
+1 2
+2 4
cfi=(168)
cfn=(580)
calls=1 -8 
* 17
+1 4
cfi=(169)
cfn=(582)
calls=1 -7 
* 5049011
+1 3
cfi=(169)
cfn=(620)
calls=1 +10 
* 1878747
+1 3
cfi=(169)
cfn=(622)
calls=1 +28 
* 471147
* 3
+1 3
cfi=(178)
cfn=(630)
calls=1 -12 
* 409
* 3
+1 2
+1 4

fn=(746) free_context
81 4
+1 5
+2 3
cfi=(178)
cfn=(748) free_stack
calls=1 -7 
* 4207734
+1 4
cfi=(178)
cfn=(748)
calls=1 -8 
* 131
+1 4
cob=(3)
cfi=(160)
cfn=(614) free
calls=1 3352 
* 132
* 1
+1 4
cfi=(183)
cfn=(672)
calls=1 -66 
* 796622
+1 3
cob=(3)
cfi=(160)
cfn=(614)
calls=1 3352 
* 89
* 1
+1 2
+1 3

fn=(656) apply_movelist
34 2500
+3 1000
+1 12452
+2 22904
cfi=(186) /home/rorollin/Projects/M2/push_swap/src/context/context_move_push.c
cfn=(704) pa
calls=499 -24 
* 4167055
cfi=(194) /home/rorollin/Projects/M2/push_swap/src/context/context_move_rotate.c
cfn=(702) ra
calls=1262 -24 
* 37860
cfi=(195) /home/rorollin/Projects/M2/push_swap/src/context/context_move_rrotate.c
cfn=(700) rra
calls=753 -24 
* 22590
cfi=(195)
cfn=(696) rrb
calls=1212 -17 
* 36360
cfi=(194)
cfn=(692) rb
calls=1501 -17 
* 45030
cfi=(186)
cfn=(658) pb
calls=499 -17 
* 3858533
+1 17178
-3 5726
+6 1500

fl=(174) /home/rorollin/Projects/M2/push_swap/libft/char/ft_isdigit.c
fn=(600) ft_isdigit
14 20352
+1 25136
+1 17352
+1 1000
+1 20352

fl=(183)
fn=(714)
28 448
+3 224
cfi=(184)
cfn=(648)
calls=112 -15 
* 7168
* 112
+1 224
+2 448

fn=(646)
38 2227308
+4 371218
+1 371218
+1 47920296
+2 31204428
cfi=(184)
cfn=(648)
calls=15602214 -30 
* 1485212573
* 15602214
+1 31204428
+2 46806642
cfi=(185)
cfn=(650)
calls=15602214 -33 
* 8721413993
+1 46806642
-6 15602214
+8 1113654

fn=(672)
21 499452
+1 374589
cfi=(189) /home/rorollin/Projects/M2/push_swap/libft/list/ft_lstclear.c
cfn=(674) ft_lstclear
calls=124863 -6 
* 2286398333
+1 249726
+1 124863
+1 374589

fn=(678) movelist_free
16 46806978
+2 31204652

fl=(200) /home/rorollin/Projects/M2/push_swap/libft/ft_printf/ft_format.c
fn=(732) ft_format
16 37933
+1 16257
+2 16257
+1 43352
-20 10838
20 32514
-20 10838
20 10838
cfi=(201)
cfn=(734)
calls=5419 -4 
* 441024
* 10838
+16 21676

fl=(204) /home/rorollin/Projects/M2/push_swap/libft/i_o/ft_putchar_fd.c
fn=(744) ft_putchar_fd
16 32514
+1 21676
cob=(3)
cfi=(203) ./io/../sysdeps/unix/sysv/linux/write.c
cfn=(742) write
calls=5419 +8 
* 48771
* 5419
* 16257

fl=(150)
fn=(764)
0 6
cfn=(768) 0x00000000004010d0
calls=1 0 
0 4
0 3

fn=(768)
0 4

fn=(508)
0 12
cob=(3)
cfi=(151) ./csu/../csu/libc-start.c
cfn=(510) __libc_start_main@@GLIBC_2.34
calls=1 242 
0 13666611439

fn=(520) 0x0000000000401170
0 11

fl=(180) /home/rorollin/Projects/M2/push_swap/src/algo/stack_state.c
fn=(638) is_stack_sorted
16 3
+5 3
+1 1
+1 1
+1 2
+2 3
+2 3508
+2 3000
+1 741
+1 3000
+1 759
+1 759
-6 253
+6 741
-6 247
+8 6
+2 9
+2 1
+1 3

fl=(195)
fn=(696)
23 4848
+1 2424
+2 3636
cfi=(187) /home/rorollin/Projects/M2/push_swap/src/stack_manip.c
cfn=(698) reverse_rotate_stack
calls=1212 +27 
* 21816
+1 3636

fn=(700)
16 3012
+1 1506
+2 2259
cfi=(187)
cfn=(698)
calls=753 +34 
* 13554
+1 2259

fl=(179) /home/rorollin/Projects/M2/push_swap/src/algo/algo_loop.c
fn=(640) update_stack_target
18 1996
+5 499
+1 1497
+1 1497
+1 880236
+2 1377739
cfi=(181) /home/rorollin/Projects/M2/push_swap/src/algo/find_target.c
cfn=(642) find_target
calls=125249 +37 
* 192174467
+1 1377739
cfi=(182)
cfn=(644)
calls=125249 161 
* 13422717652
+1 375747
-4 125249
+6 1497

fn=(652) apply_best_moves
35 1996
+5 1996
+1 998
+1 499
+1 1005984
+2 626245
+2 2090
+2 3135
-6 1045
+6 372612
-6 124204
+8 1996
cfi=(158)
cfn=(654)
calls=499 -4 
* 17463309
+1 1996
cfi=(158)
cfn=(656)
calls=499 -18 
* 4058511
+1 1497

fn=(636) stack_a_loop
56 4
+6 3
+1 3
+1 2
cfi=(180)
cfn=(638)
calls=1 -48 
* 13040
* 2
+6 5501
-70 500
70 1001
+2 998
cfn=(640)
calls=499 -54 
* 13619035815
+1 998
cfn=(652)
calls=499 -38 
* 23668113
-3 499
+5 5
cfi=(183)
cfn=(672)
calls=1 -54 
* 1583
+1 12
+3 4
cfi=(181)
cfn=(690) find_target_inside
calls=1 -63 
* 78
* 1
+1 1
+1 13
cfi=(182)
cfn=(680)
calls=1 +55 
* 460
+1 5
cfi=(183)
cfn=(646)
calls=1 -44 
* 948830
+1 3
cfi=(158)
cfn=(656)
calls=1 -49 
* 4172177
+1 8
cfi=(191)
cfn=(706)
calls=1 -52 
* 415
* 13
cfi=(182)
cfn=(680)
calls=1 +52 
* 97930
+1 3
cfi=(158)
cfn=(654)
calls=1 -38 
* 83631
+1 3
cfi=(182)
cfn=(708)
calls=1 +35 
* 3631042
+1 3
cfi=(196)
cfn=(718)
calls=1 -12 
* 2539484
+1 3

fl=(173) /home/rorollin/Projects/M2/push_swap/libft/string/ft_atoi.c
fn=(602) ft_add_dec
29 2000
+4 500
+1 500
+1 2000
cfn=(598) ft_charstatus
calls=500 -17 
* 18500
* 5568
cfn=(598)
calls=1392 -17 
* 48004
* 3784
+2 2784
+1 9744
+1 4176
-4 1392
+6 2000

fn=(598)
18 13568
+1 19352
+2 13568
+2 6784
cfi=(174)
cfn=(600)
calls=3392 -9 
* 42096
* 6784
+1 5784
+1 500
+1 13568

fn=(596) ft_atol
69 2000
+4 500
+1 500
+1 2000
cfn=(598)
calls=500 -57 
* 18500
* 1000
+2 2500
cfn=(598)
calls=500 -59 
* 18500
* 1000
+2 2000
cfn=(598)
calls=500 -61 
* 18500
* 1000
+6 2500
cfn=(602)
calls=500 -56 
* 100952
* 2500
+5 2000

fl=(186)
fn=(704)
16 1996
+1 998
+2 2495
cfi=(187)
cfn=(660) push_stack
calls=499 +22 
* 4160069
+1 1497

fn=(658)
23 1996
+1 998
+2 2495
cfi=(187)
cfn=(660)
calls=499 +15 
* 3851547
+1 1497

fl=(159)
fn=(544)
17 2525
+4 505
+1 1515
+1 1010
+2 1010
cob=(3)
cfi=(160)
cfn=(552)
calls=505 3287 
* 97008
cob=(1)
cfi=(141)
cfn=(456)
calls=1 +42 
* 662
* 509
* 505
+1 1010
+2 1515
cfi=(166) /home/rorollin/Projects/M2/push_swap/libft/memory/ft_bzero.c
cfn=(576) ft_bzero
calls=505 -12 
* 374234
+1 1010
+1 2020

fl=(171) /home/rorollin/Projects/M2/push_swap/libft/string/ft_split.c
fn=(588) count_words
17 5
+5 1
+1 1
+1 1
+1 9470
+2 12360
+1 500
+1 14142
+2 1500
+1 500
+2 1500
-9 500
+9 4179
-9 1393
+11 3

fn=(590) ft_strndup
40 2500
+5 500
+1 1000
cfi=(172) /home/rorollin/Projects/M2/push_swap/libft/string/ft_strlen.c
cfn=(592) ft_strlen
calls=500 -30 
* 4279909
* 500
+1 1500
+1 1000
+1 2000
cob=(3)
cfi=(160)
cfn=(552)
calls=500 3287 
* 90500
* 500
* 500
+1 1000
+2 15528
-52 1392
52 2784
-52 500
52 1500
+2 8352
+1 4176
-3 1392
+5 1500
+1 1000
+1 2000

fn=(586) ft_split
73 6
+6 1
+1 1
+1 3
+1 3
cfn=(588)
calls=1 -65 
* 46055
* 4
cfi=(159)
cfn=(544)
calls=1 -65 
* 48333
* 1
+1 2
+2 9471
+2 13863
+1 3000
cfn=(590)
calls=500 -48 
* 4421533
* 3500
+1 29187
+1 2997
+1 15149
+2 3786
+1 11340
-9 1893
+12 2
+1 4

fl=(176)
fn=(634) push_node
30 5984
+3 5984
+2 4488
+1 4488
+1 4488
+1 4488
+1 4488
+1 2992

fn=(750) free_node
52 2000
+2 1500
+2 2000
+2 2000
+2 1500
cob=(3)
cfi=(160)
cfn=(614)
calls=500 3352 
* 54851
* 500
+1 1000
+1 1500

fn=(664) pop_node
42 4494
+1 2996
+2 7490
+1 7490
+1 2996
+1 2996
+1 2996

fn=(624)
16 2000
+3 1500
cfi=(159)
cfn=(544)
calls=500 -2 
* 408740
* 500
+1 1000
+2 1500
+1 1500
+1 1500
+1 2000
cfi=(177)
cfn=(628)
calls=500 -9 
* 4000
* 3500
+1 2000

fl=(194)
fn=(692)
23 6004
+1 3002
+2 4503
cfi=(187)
cfn=(694) rotate_stack
calls=1501 +21 
* 27018
+1 4503

fn=(702)
16 5048
+1 2524
+2 3786
cfi=(187)
cfn=(694)
calls=1262 +28 
* 22716
+1 3786

fl=(187)
fn=(694)
47 8289
+1 22104
+2 13815
+1 5526

fn=(660)
41 4990
+1 2994
+2 3992
cfi=(178)
cfn=(662) stack_remove_node
calls=998 +16 
* 7930840
* 2994
cfi=(178)
cfn=(632)
calls=998 -5 
* 62812
+1 2994

fn=(698)
53 5895
+1 15720
+2 9825
+1 3930

fl=(185)
fn=(650)
16 78014125
+3 31205650
+2 46808475
+2 375750
+1 125250
+2 46432725
cfi=(193)
cfn=(686)
calls=15477575 -10 
* 8417418590
* 15477575
+1 46432725
+1 46808475

fl=(170)
fn=(608) free_array
30 4
+3 1
+1 5
+2 2506
+1 4000
cob=(3)
cfi=(160)
cfn=(614)
calls=500 3352 
* 54851
cob=(1)
cfi=(141)
cfn=(456)
calls=1 +30 
* 630
* 504
-1 500
+2 3
cob=(3)
cfi=(160)
cfn=(614)
calls=1 3352 
* 132
* 1
+1 2
+1 3

fn=(584)
43 4
+6 3
cfi=(171)
cfn=(586)
calls=1 +24 
* 4610134
* 1
+1 2
+2 2
cfn=(594) array_length
calls=1 -34 
* 4016
* 1
+1 4
cfi=(159)
cfn=(544)
calls=1 -36 
* 24289
* 1
+1 2
+5 4
+1 1002
+2 2500
cfi=(173)
cfn=(596)
calls=500 +7 
* 175952
* 500
+1 4500
cfi=(175) /home/rorollin/Projects/M2/push_swap/libft/string/ft_validnumber.c
cfn=(604) ft_validnumber
calls=500 -36 
* 157424
* 1000
+6 4000
-9 500
+11 2
cfn=(608)
calls=1 -41 
* 63142
+1 4

fn=(594)
18 3
+3 1
+1 2
+2 2005
+1 1500
-1 500
+2 2
+1 3

fl=(178)
fn=(630)
16 8
+3 6
cfi=(159)
cfn=(544)
calls=2 -2 
* 766
* 2
+1 4
+2 6
+1 4
+2 2
+1 2
+1 2
+1 1
+3 2
+1 4
+1 4
+2 8

fn=(632)
39 7485
+1 5988
+2 4491
+2 3
+1 3
+1 4
+1 4
+1 1
+2 5984
cfi=(176)
cfn=(634)
calls=1496 -20 
* 37400
+1 4491
+1 5988
+1 7485
+1 56
+1 7485
+1 1940
+1 4491

fn=(748)
77 8
+3 6
+2 2010
+2 1500
cfn=(662)
calls=500 -24 
* 4135252
* 500
+1 1000
cfi=(176)
cfn=(750)
calls=500 -33 
* 66851
-3 500
+5 6
cob=(3)
cfi=(160)
cfn=(614)
calls=2 3352 
* 220
* 2
+1 4
+1 6

fn=(662)
60 5992
+3 2996
+2 4494
+1 5992
+1 2996
cfi=(176)
cfn=(664)
calls=1498 -25 
* 31458
+1 5992
+1 4494
+1 4
+1 4
cfi=(188) /home/rorollin/Projects/M2/push_swap/src/utils/stack_stat.c
cfn=(666) stack_highest
calls=2 -55 
* 24
* 2992
cfi=(188)
cfn=(666)
calls=1496 -55 
* 5991322
* 4494
+1 2996
cfi=(188)
cfn=(668) stack_lowest
calls=1498 -36 
* 5986360
* 4494
+1 2996
+1 5992

fl=(197)
fn=(722)
16 66
+4 11
+1 22
cfi=(172)
cfn=(592)
calls=11 -5 
* 412
* 11
+1 22
+2 371
-24 36
24 83
+2 150
+1 75
-3 25
+5 33
+1 22
+1 44

fl=(192)
fn=(684)
16 374247
+3 124749
+1 31451428
+2 46802895
+1 46802895
-3 15600965
+5 374247

fl=(189)
fn=(674)
16 624315
+3 249726
+2 47306430
+2 62409304
+1 62409304
cfi=(190) /home/rorollin/Projects/M2/push_swap/libft/list/ft_lstdelone.c
cfn=(676) ft_lstdelone
calls=15602326 -8 
* 2050365635
+1 46806978
-4 15602326
+6 249726
+1 374589

fl=(202)
fn=(736)
17 27095
+1 32514
cfi=(172)
cfn=(592)
calls=5419 -2 
* 207350
* 21676
cob=(3)
cfi=(203)
cfn=(742)
calls=5419 +7 
* 48771
cob=(1)
cfi=(141)
cfn=(456)
calls=1 +49 
* 653
* 5423
* 16257

fl=(198)
fn=(728)
16 167989
+4 5419
+1 10838
+2 37933
+1 21676
cfi=(199) /home/rorollin/Projects/M2/push_swap/libft/ft_printf/ft_parser.c
cfn=(730) ft_parser
calls=5419 -8 
* 1156332
* 5419
+1 5419
+1 10838
+1 21676

fl=(181)
fn=(690)
16 467808
+4 350856
+1 116952
+1 70619717
+2 72252745
+1 116952
+1 29914737
-4 9971579
+6 350856

fn=(670) find_target_new_HL
48 31192
+5 23394
+1 7798
+1 1481599
+2 1266948
+1 7299
+1 611577
-4 203859
+6 23394

fn=(642)
65 751494
+3 375747
+1 500
-69 124749
70 374247
+1 623745
-71 120544
71 602720
-71 7798
72 23394
cfn=(670)
calls=7798 -24 
* 3657060
* 15596
-72 116951
74 350853
cfn=(690)
calls=116951 -58 
* 184162124
* 116951
+1 350853
+1 350853
-1 23394
+1 24894

fl=(157) /home/rorollin/Projects/M2/push_swap/src/main.c
fn=(540) main
19 6
+12 3
cfi=(158)
cfn=(542)
calls=1 -13 
* 7402281
* 1
+2 2
cfi=(179)
cfn=(636)
calls=1 +23 
* 13654202186
+2 2
cfi=(158)
cfn=(746)
calls=1 +46 
* 5004742
+11 4

fl=(172)
fn=(592)
16 17790
+3 5930
+1 11860
+2 2472725
+1 1462287
-1 487429
+2 11860
+1 17790

fl=(166)
fn=(576)
16 2525
+1 2020
cfi=(167)
cfn=(578)
calls=505 -1 
* 368174
+1 1515

fl=(175)
fn=(606) ft_charstatus
17 13568
+1 19352
+2 13568
+2 6784
cfi=(174)
cfn=(600)
calls=3392 -8 
* 42096
* 6784
+1 5784
+1 500
+1 13568

fn=(604)
27 2000
+3 500
+1 2000
cfn=(606)
calls=500 -14 
* 18500
* 1000
+2 2000
cfn=(606)
calls=500 -16 
* 18500
* 1000
+2 2000
cfn=(606)
calls=500 -18 
* 18500
* 1000
+2 8068
cfn=(606)
calls=1892 -20 
* 66504
* 3784
+1 4176
-1 1392
+2 4500
+1 2000

fl=(188)
fn=(666)
16 4494
+5 1498
+1 4494
+1 4
+1 4488
+1 5984
+1 2626729
+2 1495004
+1 346161
+1 346161
-4 115387
+4 775092
-4 258364
+6 2992
+1 4494

fn=(668)
36 4494
+5 1498
+1 4494
+1 4
+1 4488
+1 5984
+1 2626729
+2 1495004
+1 341175
+1 341175
-4 113725
+4 780078
-4 260026
+6 2992
+1 4494

fl=(190)
fn=(676)
16 78011630
+1 31204652
+2 62409304
cfi=(183)
cfn=(678)
calls=15602326 -3 
* 78011630
+1 31204652
cob=(3)
cfi=(160)
cfn=(614)
calls=15602326 3352 
* 1707114463
* 15602326
+1 46806978

fl=(199)
fn=(730)
16 32514
+4 5419
+1 5419
+1 54190
+2 27095
+2 54190
cfi=(200)
cfn=(732)
calls=5419 -10 
* 652365
* 10838
+1 27095
+1 16257
+1 5419
+1 27095
+2 27095
+2 32514
cfi=(204)
cfn=(744)
calls=5419 -18 
* 124637
* 10838
+1 16257
-13 5419
+16 21676

fl=(193)
fn=(686)
16 46433061
+1 30955374
+2 3577626267
+1 3515715519
-1 1171905173
+2 30955374
+1 46433061

ob=(3)
fl=(120)
fn=(388)
29 1
fi=(121) ./wcsmbs/../sysdeps/x86_64/multiarch/ifunc-memcmp.h
+5 2
+1 1
-1 2
+1 2
+1 2
+1 3
+2 2
+4 3
+3 3
fe=(120)
-17 1

fl=(163) ./malloc/./malloc/morecore.c
fn=(570) __glibc_morecore
25 17
+1 34
-1 17
+4 17
cfi=(164) ./misc/./misc/sbrk.c
cfn=(572) sbrk
calls=17 +8 
* 577
+1 34
+4 34

fl=(81)
fn=(290)
86 1
fi=(82) ./string/../sysdeps/x86/cacheinfo.h
-25 1
+3 3
+2 1
+1 1
-1 2
+7 3
+2 1
+1 1
-1 2
+5 2
+2 2
+1 2
+1 2
+2 2
fe=(81)
* 2

fl=(94)
fn=(318)
31 2
fi=(95) ./wcsmbs/../sysdeps/x86_64/multiarch/ifunc-avx2.h
+2 10
-1 4
+2 6
+2 4
+4 6
+3 8
fe=(94)
-12 2

fl=(89)
fn=(306)
29 1
fi=(90) ./string/../sysdeps/x86_64/multiarch/ifunc-memset.h
+21 5
+3 3
+7 2
+9 2
+2 2
+10 2
+8 2
+2 5
fe=(89)

fl=(97)
fn=(324)
28 1
fi=(84) ./string/../sysdeps/x86_64/multiarch/ifunc-avx2.h
+5 5
-1 2
+2 3
+2 2
+4 3
+3 4
fe=(97)
-15 1

fl=(203)
fn=(742)
25 10838
+1 75866
+1 10838

fl=(205) ./stdlib/./stdlib/exit.c
fn=(754) __run_exit_handlers
40 11
+5 2
+3 5
+50 1
-42 1
+2 3
+8 6
+2 1
+3 1
-3 1
+3 6
+34 1
+1 1
+1 1
-2 1
+7 1
-3 2
+3 3
+1 3
cob=(1)
cfi=(207)
cfn=(758)
calls=1 -82 
* 818
+1 4
+10 2
+1 2
-63 1
+69 4
+2 2
+1 6
cfi=(213) ./libio/./libio/genops.c
cfn=(806) _IO_cleanup
calls=1 863 
* 232
* 3
+2 2
cfi=(216) ./posix/../sysdeps/unix/sysv/linux/_exit.c
cfn=(818) _Exit
calls=1 27 
* 5
-90 1
cfi=(206) ./stdlib/./stdlib/cxa_thread_atexit_impl.c
cfn=(756) __call_tls_dtors
calls=1 149 
* 12
* 1

fn=(752) exit
142 3
+1 3
-1 1
+1 1
cfn=(754)
calls=1 40 
* 1146

fl=(110)
fn=(358)
29 1
fi=(111) ./string/../sysdeps/x86_64/multiarch/ifunc-memcmp.h
+5 2
+1 1
-1 2
+1 2
+1 2
+1 3
+2 2
+4 3
+3 3
fe=(110)
-17 1

fl=(154) ./setjmp/../sysdeps/x86_64/bsd-_setjmp.S
fn=(534) _setjmp
28 1
+2 1
+2 1
cfi=(155) ./setjmp/../sysdeps/x86_64/setjmp.S
cfn=(536) __sigsetjmp
calls=1 -2 
* 31

fl=(122)
fn=(392)
33 1
fi=(101) ./string/../sysdeps/x86_64/multiarch/ifunc-strcpy.h
+3 2
+1 1
-1 2
+1 2
+2 2
+4 3
+3 3
fe=(122)
-13 1

fl=(96)
fn=(322)
61 1
-20 2
+1 1
-1 2
-1 2
+2 2
+2 2
+4 3
+3 3
+10 1

fl=(116)
fn=(374)
29 1
fi=(101)
+7 2
+1 1
-1 2
+1 2
+2 2
+4 3
+3 3
fe=(116)
-17 1

fl=(123)
fn=(396)
29 1
fi=(124) ./string/../sysdeps/x86_64/multiarch/ifunc-evex.h
+6 5
-1 2
+2 3
+5 2
-3 2
+9 3
+3 4
fe=(123)
-21 1

fl=(98)
fn=(328)
29 2
fi=(93) ./string/../sysdeps/x86_64/multiarch/ifunc-memmove.h
+24 6
-1 4
+4 6
+14 4
+2 4
+8 4
+8 4
+2 10
fe=(98)

fl=(161) ./malloc/./malloc/arena.c
fn=(556) ptmalloc_init.part.0
313 1
fi=(160)
3162 3
fe=(161)
313 5
+5 1
fi=(160)
3162 2
cfi=(162) ./stdlib/../sysdeps/unix/sysv/linux/getrandom.c
cfn=(558) getrandom
calls=1 28 
* 9
* 2
fe=(161)
343 2
+4 3
fi=(160)
1966 4
+3 1
-3 1
+3 2
-3 2
+3 126
-3 126
+3 252
-3 252
fe=(161)
352 3
fi=(160)
1977 1
+1 1
+2 1
fe=(161)
352 1
cob=(2)
cfi=(51)
cfn=(450)
calls=1 0 
* 23
+1 4
cob=(2)
cfi=(51)
cfn=(450)
calls=1 0 
* 22
+1 4
cob=(2)
cfi=(51)
cfn=(450)
calls=1 0 
* 23
+1 4
cob=(2)
cfi=(51)
cfn=(450)
calls=1 0 
* 23
+1 4
cob=(2)
cfi=(51)
cfn=(450)
calls=1 0 
* 22
+1 4
cob=(2)
cfi=(51)
cfn=(450)
calls=1 0 
* 23
+1 4
cob=(2)
cfi=(51)
cfn=(450)
calls=1 0 
* 23
+2 4
cob=(2)
cfi=(51)
cfn=(450)
calls=1 0 
* 23
+1 4
cob=(2)
cfi=(51)
cfn=(450)
calls=1 0 
* 23
+1 4
cob=(2)
cfi=(51)
cfn=(450)
calls=1 0 
* 23
+3 4
cob=(2)
cfi=(51)
cfn=(450)
calls=1 0 
* 23
+1 4
cob=(2)
cfi=(51)
cfn=(450)
calls=1 0 
* 23
+1 2
+63 7

fl=(112)
fn=(362)
31 2
fi=(113) ./wcsmbs/../sysdeps/x86_64/multiarch/ifunc-wmemset.h
+2 10
+1 6
+2 4
+8 6
+3 8
fe=(112)
-16 2

fl=(117)
fn=(378)
31 1
fi=(223) ./string/../sysdeps/x86_64/multiarch/ifunc-strcasecmp.h
+1 5
fe=(117)
-1 1

fl=(206)
fn=(756)
149 4
+1 4
+18 4

fl=(92)
fn=(314)
29 1
fi=(93)
+24 3
-1 2
+4 3
+14 2
+2 2
+8 2
+8 2
+2 5
fe=(92)

fl=(104)
fn=(344)
66 1
-25 4
+1 3
+2 2
+5 3
+3 3
+14 1

fl=(87)
fn=(302)
29 1
fi=(88) ./wcsmbs/../sysdeps/x86_64/multiarch/ifunc-wcslen.h
+5 4
-1 2
+2 3
+2 2
+4 3
+3 3
fe=(87)
-15 1

fl=(114)
fn=(366)
29 1
fi=(84)
+4 5
-1 2
+2 3
+2 2
+4 3
+3 4
fe=(114)
-14 1

fl=(213)
fn=(808) _IO_flush_all_lockp
686 12
+5 6
cfi=(214) ./nptl/./nptl/libc-cleanup.c
cfn=(810) __libc_cleanup_push_defer
calls=1 24 
* 10
+1 9
+3 1
-8 1
+5 2
+3 2
fi=(215) ./libio/./libio/libioP.h
940 4
fe=(213)
709 6
+2 3
-16 9
+2 3
+1 6
+3 21
+14 9
+1 2
cfi=(214)
cfn=(814) __libc_cleanup_pop_restore
calls=1 39 
* 8
+4 12

fn=(806)
863 2
+3 1
-3 9
-77 1
+80 1
cfn=(808)
calls=1 686 
* 126
-80 2
+80 1
-80 3
cfi=(214)
cfn=(810)
calls=1 24 
* 10
+1 9
+3 1
-3 2
+3 2
fi=(215)
940 4
fe=(213)
838 3
-48 9
+9 9
+2 6
+41 9
+1 2
cfi=(214)
cfn=(814)
calls=1 39 
* 8
+35 12

fl=(126)
fn=(402)
33 1
fi=(93)
+20 3
-1 2
+4 3
+14 2
+2 2
+8 2
+8 2
+2 5
fe=(126)

fl=(137) ./ctype/./ctype/ctype-info.c
fn=(442) __ctype_init
29 1
+2 7
+2 4
+2 4
+1 1

fl=(214)
fn=(814)
39 2
+3 4
+2 4
+1 4
+2 2

fn=(810)
24 2
+3 4
+3 8
+1 2
+2 2
+1 2

fl=(115)
fn=(370)
31 1
fi=(84)
+2 5
-1 2
+2 3
+2 2
+4 3
+3 4
fe=(115)
-12 1

fl=(108)
fn=(352)
29 1
fi=(101)
+7 2
+1 1
-1 2
+1 2
+2 2
+4 3
+3 3
fe=(108)
-17 1

fl=(209)
fn=(762)
367 1
51 3
+1 2
367 1
57 2
+8 1
-3 1
-23 1
+1 2
+30 1
369 2
40 3
+1 2
+33 2
+6 4
+4 3
+3 3

fl=(210)
fn=(788)
30 2
+3 2
-3 7
+3 4
+3 3
+4 6
-4 3
+58 4
+4 6
-4 3
+11 2
+1 2
cfi=(211) ./posix/./posix/register-atfork.c
cfn=(790) __unregister_atfork
calls=1 -30 
* 16
+1 4
+1 8

fl=(216)
fn=(818)
27 2
+3 1
+1 2

fl=(155)
fn=(536)
30 1
+2 1
+9 1
+1 2
+1 1
+4 1
+1 1
+1 1
+1 1
+1 1
+2 2
+2 1
+1 1
+1 1
+2 2
+2 1
+5 1
+1 1
+17 1
cfi=(156) ./setjmp/./setjmp/sigjmp.c
cfn=(538) __sigjmp_save
calls=1 -56 
* 9

fl=(109)
fn=(356)
31 1
fi=(223)
+1 5
fe=(109)
-1 1

fl=(147) ./misc/./misc/init-misc.c
fn=(498) __init_misc
30 1
+1 2
-1 4
+1 3
+2 3
cob=(2)
cfi=(51)
cfn=(500)
calls=1 -33 
* 30
+4 5
+1 3
+2 4

fl=(146)
fn=(496)
46 4
+5 2
+4 5
+8 1
-2 1
+10 1
-9 1
+1 1
+9 2
-1 1
cfi=(147)
cfn=(498)
calls=1 -41 
* 55

fl=(136)
fn=(440)
33 7
+2 1
cfi=(137)
cfn=(442)
calls=1 -6 
* 17
+3 1
fi=(139) ./elf/../sysdeps/nptl/pthread_early_init.h
-5 2
fe=(136)
+8 1
-3 1
fi=(139)
-5 1
cfi=(138) ./resource/../sysdeps/unix/sysv/linux/getrlimit64.c
cfn=(444) getrlimit
calls=1 +5 
* 10
* 3
+1 6
+11 1
fi=(224) ./elf/../nptl/nptl-stack.h
+13 3
fi=(139)
-13 1
fi=(224)
+13 2
fi=(139)
-4 1
fi=(224)
+4 2
fi=(139)
-6 1
fi=(224)
+6 1
fi=(139)
-12 1
+6 6
+1 1
+4 1
cfi=(140) ./nptl/./nptl/pthread_mutex_conf.c
cfn=(448) __pthread_tunables_init
calls=1 -7 
* 884
fe=(136)
-10 3
+2 2
-2 1
cfi=(143) ./nptl/../sysdeps/unix/sysv/linux/x86/elision-conf.c
cfn=(462) __lll_elision_init
calls=1 +49 
* 147

fl=(151)
fn=(510)
242 12
343 3
+1 3
cfi=(152) ./stdlib/./stdlib/cxa_atexit.c
cfn=(512) __cxa_atexit
calls=1 69 
* 71
+25 6
+6 2
-3 2
+10 2
cob=(2)
cfi=(51)
cfn=(526)
calls=1 0 
* 836
+2 2
+8 4
cfi=(153) ./csu/../sysdeps/nptl/libc_start_call_main.h
cfn=(532) (below main)
calls=1 29 
* 13666610443
128 2
+6 3
+1 6
cob=(2)
cfi=(51)
cfn=(516)
calls=1 0 
* 7
* 1
+3 1
+1 2
+3 2
+1 2
-1 1
+2 7
+1 4
cob=(5)
cfi=(150)
cfn=(520)
calls=1 0 
* 11
-1 4

fl=(164)
fn=(572)
37 34
+6 17
-6 17
+3 17
-3 34
+3 17
+3 17
+20 1
+15 85
-20 34
+1 2
cfi=(165) ./misc/../sysdeps/unix/sysv/linux/brk.c
cfn=(574) brk
calls=1 -24 
* 9
* 2
+4 1
-1 34
+4 64
+8 16
cfi=(165)
cfn=(574)
calls=16 -39 
* 144
* 32

fl=(85)
fn=(298)
29 1
fi=(225) ./string/../sysdeps/x86_64/multiarch/ifunc-sse4_2.h
+1 5
fe=(85)
-1 1

fl=(148)
fn=(502)
46 1
+1 1
+1 1
+2 1
+1 1
+3 1
+1 1
+1 1
+2 1
+1 1
+1 1
+1 1
+1 1
+1 1
+2 1
+1 1
+12 1
+1 1
219 1
+1 1
+1 1
+1 1
+1 1
+2 1
+1 1
+1 1
+1 2

fl=(105)
fn=(346)
31 1
fi=(223)
+1 5
fe=(105)
-1 1

fl=(143)
fn=(462)
96 2
+5 1
-5 1
+5 1
-5 3
+5 3
cob=(2)
cfi=(51)
cfn=(450)
calls=1 0 
* 22
+2 4
cob=(2)
cfi=(51)
cfn=(450)
calls=1 0 
* 22
+2 4
cob=(2)
cfi=(51)
cfn=(450)
calls=1 0 
* 22
+2 4
cob=(2)
cfi=(51)
cfn=(450)
calls=1 0 
* 22
+2 4
cob=(2)
cfi=(51)
cfn=(450)
calls=1 0 
* 22
+4 3
+1 1
+1 6

fl=(140)
fn=(448)
50 2
+1 2
-1 4
+1 3
cob=(2)
cfi=(51)
cfn=(450)
calls=1 -51 
* 840
+2 4
cob=(2)
cfi=(51)
cfn=(450)
calls=1 -53 
* 23
+2 6

fl=(99)
fn=(332)
30 1
fi=(95)
+3 5
-1 2
+2 3
+2 2
+4 3
+3 4
fe=(99)
-13 1

fl=(162)
fn=(558)
28 1
+1 7
+1 1

fl=(128)
fn=(408)
31 1
fi=(124)
+4 5
-1 2
+2 3
+5 2
-3 2
+9 3
+3 4
fe=(128)
-19 1

fl=(156)
fn=(538)
28 3
+2 2
-1 1
+5 3

fl=(165)
fn=(574)
35 17
+1 68
+1 34
+6 17
+1 17

fl=(118)
fn=(380)
29 1
fi=(84)
+4 5
-1 2
+2 3
+2 2
+4 3
+3 4
fe=(118)
-14 1

fl=(100)
fn=(336)
31 1
fi=(101)
+5 2
+1 1
-1 2
+1 2
+2 2
+4 3
+3 3
fe=(100)
-15 1

fl=(83)
fn=(294)
31 2
fi=(84)
+2 10
-1 4
+2 6
+2 4
+4 6
+3 8
fe=(83)
-12 2

fl=(138)
fn=(444)
38 2
+1 7
+1 1

fl=(127)
fn=(406)
31 1
fi=(223)
+1 5
fe=(127)
-1 1

fl=(102)
fn=(340)
31 2
fi=(103) ./wcsmbs/../sysdeps/x86_64/multiarch/ifunc-evex.h
+4 10
-1 4
+2 6
+5 4
-3 4
+9 6
+3 8
fe=(102)
-19 2

fl=(91)
fn=(310)
29 1
fi=(88)
+5 4
-1 2
+2 3
+2 2
+4 3
+3 3
fe=(91)
-15 1

fl=(106)
fn=(348)
29 1
fi=(225)
+1 5
fe=(106)
-1 1

fl=(125)
fn=(400)
29 1
fi=(225)
+1 5
fe=(125)
-1 1

fl=(211)
fn=(790)
76 2
+1 1
-1 1
+1 3
fi=(212) ./posix/../malloc/dynarray-skeleton.c
243 1
fe=(211)
65 2
+38 4
+1 2

fl=(119)
fn=(384)
29 1
fi=(101)
+7 2
+1 1
-1 2
+1 2
+2 2
+4 3
+3 3
fe=(119)
-17 1

fl=(152)
fn=(512)
69 9
-28 2
+2 6
+1 2
cfn=(514) __new_exitfn
calls=1 +38 
* 32
+2 2
+10 1
+2 1
-5 3
+3 1
-1 1
+4 2
+1 1
-1 2
+12 6

fn=(514)
82 1
+6 2
-6 4
+11 4
-10 2
+12 4
-2 1
+10 1
-10 3
+45 1
+5 1
-4 1
+4 4
-18 1
-1 1
+1 1

fl=(153)
fn=(532)
29 4
+15 1
-15 5
+15 1
cfi=(154)
cfn=(534)
calls=1 -16 
* 34
* 1
+2 2
+5 2
+1 2
+3 2
+3 6
cob=(5)
cfi=(157)
cfn=(540)
calls=1 -39 
* 13666609227
* 1
+16 1
cfi=(205)
cfn=(752)
calls=1 +68 
* 1154

fl=(208)
fn=(760)
77 1
+3 3
+2 1
+2 2
-7 2
+11 2
+79 1
+3 1
+2 1
+3 1
+2 1
+1 3
-81 2
+11 4
+4 1
+3 2
-71 1
+1 8
+1 1
+84 3
+1 2

fl=(107)
fn=(350)
43 1
-6 5
+6 1

fl=(160)
fn=(614)
3352 15603331
+4 31206662
-4 15603331
+14 15603331
-14 31206662
+12 15603331
+4 15603331
-4 15603331
+4 31206662
+17 46809993
fi=(161)
162 46809993
fe=(160)
3391 31206662
cfn=(618) _int_free
calls=15603331 4421 
* 1317141463
+3 15603331
+1 62413324

fn=(562) tcache_init.part.0
3235 3
+9 8
+1 3
cfn=(564) _int_malloc
calls=1 1343 
* 367
* 1
+1 2
+8 4
+7 2
+2 1
+1 2
-1 1
+1 86
+3 4

fn=(566) sysmalloc
2548 144
+20 64
+11 32
+1 48
+26 16
+1 48
+1 16
+9 124
+6 48
+3 48
2941 32
+1 16
+5 32
+3 32
+5 32
-2 16
+2 16
-1 16
+1 16
-3 16
+3 16
+1 16
-1 48
+1 16
+2 32
+6 176
2687 32
+9 64
+13 48
+8 80
+8 32
+39 32
+2 48
+6 62
+1 15
2946 15
2773 45
+2 2
2896 1
-1 1
+1 3
+1 1
+11 2
fi=(161)
565 16
fe=(160)
2727 16
cfi=(163)
cfn=(570)
calls=16 25 
* 702
+1 32
-1 16
+1 16
2028 16
2729 16
2028 16
2729 16
2028 32
2730 16
+3 32
+33 32
2610 32
2775 2
+40 3
+22 1
+1 1
-1 1
+1 6
+2 2
+1 3
cfi=(163)
cfn=(570)
calls=1 25 
* 28
+12 2
-12 1
+12 1
2028 4
2897 4
2765 2
-52 3

fn=(552)
3287 93619986
+7 31206662
1343 31206660
+19 62413324
3306 62413324
+3 31206660
+10 5854521
+28 9757535
1362 15602831
3304 46808493
-63 4
cfn=(562)
calls=1 -6 
* 484
+68 2
+1 4
+1 46809987
3193 27303648
+1 27303648
+2 13651824
+1 13651824
-1 40955472
+1 13651824
+1 13651824
3347 68259120
-26 7806028
cfn=(564)
calls=1951507 1343 
* 480961034
+1 9757535
fi=(161)
162 3903014
315 1
cfn=(556)
calls=1 -2 
* 1128
fe=(160)
1343 2

fn=(564)
1343 3903016
3771 1951508
1362 1951508
3771 15612064
1362 3903016
3811 1000
+27 1000
+66 63362
+2 63362
-2 63362
+2 126724
1362 3902016
3811 3902016
4397 3902016
3838 3902016
+63 6
+62 67
+1 6
+1 500
3838 1000
1362 500
3843 1000
+2 1000
+2 3776288
-6 1888144
+9 1888144
+1 1888144
-1 3776288
+1 9440720
+5 3776288
+1 3776288
+7 1888144
-1 3776288
+1 9440720
+5 1888144
+1 1888144
3183 1888144
3870 1888144
+5 66082670
3181 26433068
+2 13216534
+2 13216534
-2 26433068
+2 13216534
-8 13216534
+8 13216534
3869 13216534
+1 66083042
+2 26433068
+2 13216534
+1 13216534
-1 26433068
-21 5853015
-10 1951005
+2 4092093
4399 126724
3903 63362
4399 823706
3983 63362
+1 63362
-1 126724
-1 126724
+2 126724
-1 2
+1 2
-1 4
-1 4
+2 4
-2 190089
+12 63363
-6 63363
+73 253452
-67 190090
-6 1
+73 4
-67 6
4158 63
-91 63
+91 126
-91 63
-74 63
3181 63
4067 63
3181 126
4025 126
3183 126
3997 252
+1 63
+2 126
+1 189
+2 63
+1 252
+2 252
-10 63
+12 126
+1 126
+2 126
+11 252
+31 2
+1 2
+4 4
+29 4
+2 2
+1 3
+1 1
-1 1
+57 1
+2 2
-2 2
+2 1
+7 1
-9 3
+9 1
-7 1
+1 1
+1 1
+6 2
-10 1
+2 2
-2 2
+2 1
+7 1
-9 3
+9 1
-7 1
+1 1
+1 1
+6 2
2005 5664432
4413 17563572
4095 10
+1 3
+1 1
-1 1
+4 2
+66 6
3994 6
4183 126608
+2 6
+3 2
-3 2
+3 4
+68 126608
+1 63304
+1 63304
-1 63304
+1 63304
+1 126608
+1 189912
+5 126616
+16 4
+2 8
-4 16
+8 4
+3 8
+2 2
+1 2
+1 2
-2 8
-27 2
4144 3
4023 126
+1 124
+5 61
-1 122
+3 61
-1 61
+1 122
+1 61
+1 122
+2 90
+4 45
+6 45
-6 315
+2 135
+1 45
2005 135
4039 16
+6 16
-6 112
+2 48
+1 16
2005 48
4269 189912
+3 253208
-3 189906
+3 253204
-3 126602
+3 189900
+97 63302
+1 126604
+2 126604
+3 189940
+17 51
+2 2
cfn=(688) malloc_consolidate
calls=1 4715 
* 90
+3 1
-1 3
+1 1
-1 1
3904 3
4299 6
+3 4
+2 2
+3 4
-3 2
+3 4
cfn=(626) unlink_chunk.constprop.0
calls=2 1626 
* 60
+3 8
+15 2
-5 1
+5 2
+1 2
+3 1
+1 1
+1 1
+3 2
+1 1
+1 2
+2 2
+3 8
+2 3
+1 1
2005 1
4347 1
2005 3
4347 1
2005 2
4274 8
+1 4
-3 4
+41 1
-1 1
+1 2
+67 63285
-2 126570
+2 63285
-1 63285
+6 63285
-5 63285
-3 63285
+3 63285
+2 63285
-2 253140
2005 63285
4382 63285
2005 126570
4407 64
cfn=(566)
calls=16 2548 
* 2669
* 16
+1 32
2005 48

fn=(626)
1626 2
+2 10
+3 4
+1 2
-1 6
+3 8
+3 2
+1 2
+1 7
+2 2
+1 6
+3 2
+14 1
+1 2
+3 4

fn=(618)
4421 124826648
+10 15603331
-10 46809993
+10 31206662
+6 78016655
+1 31206662
+4 62413324
+8 78016655
-1 31206662
+1 31206662
+29 15603329
-20 15603329
-6 15603329
+6 31206658
+20 62413316
+14 30336050
+11 60672092
+2 45504069
2012 45504069
4527 15168023
+1 15168023
+4 45504069
+2 45504069
+4 30336046
+2 60672092
+1 15168023
+19 60671802
4702 171636641
4569 4
+3 2
+3 6
+7 2
-4 2
+4 4
+3 4
+5 6
+3 4
+1 4
+1 4
2012 6
4601 4
+9 4
+5 4
+4 2
+9 2
-1 2
+1 6
+1 4
+2 2
+2 4
+5 2
+1 2
+2 6
+1 2
+30 4
+20 6
3181 435306
+4 435306
-4 435306
+2 1741224
+1 435306
+1 435306
4482 435306
4635 6
-48 6
-2 4

fn=(688)
4715 1
+17 1
-17 4
+28 1
-28 3
+15 1
+2 1
+13 2
+1 2
-1 18
+1 18
+62 30
+1 8

fl=(86)
fn=(300)
65 1
-24 2
+1 1
-1 2
+1 2
+2 2
+5 3
+3 3
+13 1

fl=(149)
fn=(504)
83 1
+1 4
+1 3
+1 3
+2 1

totals: 13666753869
